10000
27390
15013
17657
341
9385
12837
24893
21378
11133
20188
31673
9568
30756
12129
24319
25681
6989
22323
8159
13296
17396
11248
30159
29929
31460
21192
29329
11791
14203
560
23823
2984
12718
7131
13194
26891
5452
8934
6387
6254
31367
25171
12697
23801
18352
22456
13061
19231
24642
13880
11042
813
17698
5555
17058
31267
2597
8762
32412
17604
17619
24518
17786
6377
22635
22057
11026
31002
17191
14660
18451
15967
20672
24955
8355
29780
22069
10342
24134
15228
23241
32201
24834
9687
21066
18631
27585
16823
19609
26962
28662
18127
15975
28134
15491
6541
18237
20855
5083
6314
6335
21928
28003
26879
25393
19773
26143
13210
27450
27347
9354
2577
11496
26574
13253
25878
12277
6036
6644
29004
29001
15097
11750
7769
1471
10233
28660
9277
23084
6573
27179
29410
13470
15480
23469
16371
23265
19074
13140
9970
584
19559
7577
3973
27817
21040
10676
19985
22186
14466
18949
12938
6971
19989
13235
31114
12388
28008
24979
21408
24897
24243
15947
30442
26955
5662
14775
28390
21720
8752
19851
7813
19174
24202
13626
10369
9236
16085
23831
12785
29425
17913
19642
13083
24953
32143
4262
19081
2013
410
26409
18015
8323
29809
13443
22507
15694
28416
586
9598
25119
16688
3596
11898
10396
5796
11063
13741
20784
21414
31798
9693
25938
15969
18141
9380
20235
18512
26631
18303
2482
3062
10877
7969
20475
21200
1306
3341
27440
14216
1069
5987
1981
14443
25119
12026
13042
19997
4950
7088
26117
23179
18776
766
16982
1058
12596
15568
25335
20799
28958
27283
26476
6118
10585
1167
7087
5558
31834
20855
24952
17436
25130
31806
16058
15560
19212
15405
13681
16989
21856
17203
18587
16749
6855
26236
21124
23972
22664
13636
4167
24387
30514
29166
1682
5328
13699
8528
9129
32012
31369
9298
17070
19750
4871
4023
29727
10030
24090
13882
12192
5324
11548
6365
21243
6706
23241
12670
4709
30031
23968
19371
15875
23878
22924
24503
172
22046
29892
9229
31729
27835
29680
18629
25946
28429
24973
4469
2291
29831
17554
16714
21767
19155
10836
3415
21292
6852
1959
2348
12927
22924
13638
16811
18225
23087
2933
31255
9027
4919
24804
16238
11405
27818
28887
17913
21509
10809
27780
17697
21054
17850
15292
17796
3375
19928
12494
5448
2870
7433
13225
22191
5981
31937
10304
23788
31451
2278
5171
19254
28638
26499
18347
10778
12679
10432
3461
26389
19766
25362
9908
29282
6409
24495
5344
28433
29599
27461
30803
10585
12578
7915
1302
18223
22916
13656
21335
26391
7176
16466
3854
8507
7173
21098
19169
7866
31463
28903
31300
15170
17270
25088
22244
25825
6747
11086
13638
11800
22495
21632
3243
17970
28407
16977
13880
19411
17790
15799
10067
11732
25025
31581
11088
3662
4416
14164
24653
23541
27827
14598
31578
5544
23884
21355
6110
27718
1852
13695
5686
14018
15736
7923
19870
27770
25277
19746
5461
6596
23505
13384
26876
714
30477
22766
11327
26777
27928
23977
20920
9332
24309
6404
26896
3438
30016
18363
22632
23608
1204
12074
17655
311
23537
17412
28404
8409
7804
10568
1206
10794
20744
7025
12570
15266
31476
7150
26917
19009
276
28881
15594
16095
7604
19659
12206
32189
6618
13144
23371
3167
11212
27959
25298
18846
7890
8477
30836
27641
10301
25770
31395
14892
3496
22940
27764
12804
126
11075
19784
4465
21181
53
5035
30173
26873
13378
20348
1468
3491
28330
14159
22628
2443
26766
9487
4127
9636
30629
17896
23167
31239
12592
355
19186
11835
14640
23507
17302
3764
4566
22513
24655
7065
32571
7107
6166
29899
21329
23746
2196
18210
13850
22331
8175
7930
15895
21750
6372
17390
27908
1814
32022
483
25794
14144
8613
841
26773
5119
20995
8349
32399
7271
7427
18738
17740
28409
30771
26930
20960
32711
11628
28895
10766
31193
18087
24863
11963
20430
27666
312
2721
16326
26724
8664
31048
20096
18285
4440
31282
32192
17137
9537
17494
16884
29110
32016
3537
31510
27868
25142
31703
29908
24429
26979
20207
12783
13365
14596
8032
1761
21972
6411
15846
18370
13585
12270
3242
3436
2417
4338
25713
21982
9
32681
23060
990
19600
3257
30768
483
20664
28640
16670
3121
19902
17205
3366
26182
21568
945
6383
32629
26192
31469
22586
19153
32710
30253
24784
20044
30938
28318
441
11552
30450
1756
23215
12654
24504
439
2003
6437
624
5687
13726
10790
27529
17630
12569
20902
5745
4652
18513
21203
29102
19049
3845
18618
26923
12958
23459
32616
27343
19173
4211
26703
6484
1506
1297
11756
8535
6546
9248
10919
25771
19779
4413
18171
28659
26852
27442
726
28272
10623
32364
11843
4119
24324
31664
5446
5607
5960
1801
8967
30841
31309
13061
16435
23769
15300
15392
28832
19348
17872
6273
29744
24082
269
12260
28407
22054
24017
20440
23712
21476
690
12330
21260
7603
17480
7073
22589
11939
18996
4331
20339
32512
1376
28632
16788
15143
23433
1734
1233
23704
11259
5213
1927
22861
4508
4476
16995
23882
1580
22386
5578
17014
19147
30322
5752
15017
14780
20545
3431
24582
25960
19250
12018
8075
10406
12628
19770
12774
3129
4074
2505
5770
9626
11035
19061
17667
21241
23019
30087
2182
30846
24170
14621
14797
8916
3627
25037
19234
13032
24312
1163
23225
30446
11204
32717
16194
21670
17889
6125
17087
26845
9844
13006
32659
16438
21541
30402
5084
3370
20763
20651
7939
32590
9511
9569
15762
8148
22591
12884
30533
22357
28975
24947
21347
206
19595
5196
1870
11752
24552
10868
29529
124
15691
18217
25051
15702
27362
6710
15490
31801
25330
12311
11241
6436
20497
3422
21868
19156
22933
6485
11067
650
5196
7141
685
30990
27502
21174
25815
3316
5583
24984
19806
22046
27481
8738
19337
4738
11962
5784
14746
20525
8026
1042
32351
30856
26512
30683
3332
8411
15125
15384
5931
17423
14777
32682
9534
18872
27220
13653
2308
32339
25088
28193
24179
24779
27525
13056
3782
26947
17173
8626
2511
11535
14906
20710
10637
1027
22540
16290
29697
4849
18855
21476
12094
24429
14044
11402
31680
20691
20263
19055
26878
17036
8929
21719
14402
2956
7351
32013
16825
7967
12123
17738
12230
10982
2937
11993
1180
22044
29165
4985
7692
1566
30259
11779
11163
19499
17695
5708
19160
24680
17358
13389
15853
20007
6876
28289
28787
13672
471
6031
16011
17824
24308
24361
12842
21946
3841
18996
10932
15708
27035
30249
8909
21355
21921
11195
2156
13777
489
1210
23344
15998
5681
10551
1272
18860
28760
26601
8366
12648
16846
11727
9059
8782
8521
8471
7073
11668
25785
25407
31484
15434
22399
15994
7659
18399
8409
16981
1494
31720
28321
5018
31088
9501
14392
29556
32583
4516
11709
16853
26266
18067
10114
32533
21098
11952
10688
4316
31443
9851
20617
20033
6301
2414
14335
5939
12047
9347
13508
31512
10243
12791
28849
12981
30272
16973
16331
29006
12803
13975
16754
20750
25567
12273
8668
24233
29127
6222
4034
2111
25194
10359
14937
29572
27327
3920
27524
32542
31200
7773
4680
29518
14107
8070
20864
9683
9798
14359
26322
5387
26196
32011
32225
15964
15910
7306
17348
13266
27555
16560
20152
13577
26891
3984
11793
20302
7304
27769
13943
18689
9735
24184
24142
23613
16197
16413
15990
1212
25133
7298
2869
25844
10593
23946
6513
1670
7959
12135
17443
31193
28198
15711
17928
6402
10592
11215
23450
29160
7459
29552
16702
7077
24363
473
25023
31535
4266
17221
18683
15159
1691
31127
11996
31569
19539
1179
11914
31318
13401
32655
32223
16390
27511
22498
14620
2546
16913
16699
5850
32666
8118
10941
6211
29138
21749
6538
2433
10602
16242
3205
26231
2317
29753
19805
30639
1642
25681
21191
15252
16018
12181
6154
28642
10657
6591
3521
20314
12705
21958
2012
22458
12459
7018
19689
11244
6735
15116
10898
26238
21559
9156
13158
28754
518
4014
2524
12183
18566
19076
23700
8951
19459
18034
30689
15634
28146
29477
4229
5164
3543
2854
11195
14882
20837
19302
18555
20643
14310
18714
11769
11676
31965
22984
879
9204
3562
16802
5404
17530
6127
7188
27276
11036
28529
12953
4635
11353
22593
13778
17845
30457
28763
3289
19679
32251
16910
11987
16379
16079
16733
15044
4295
14277
14502
16808
31784
8902
26753
30399
18726
18498
24299
14888
31031
32361
18852
12721
19904
10398
18389
25582
18137
19240
32502
2440
32593
1835
30447
2264
2545
4823
381
20404
13317
480
12504
32649
20761
29230
8595
8106
29697
28885
7107
18920
14620
11079
20323
1379
1497
16585
12279
17312
24953
18467
13168
13275
19223
23964
30800
24734
12518
19749
5902
19346
27835
11477
8892
31638
27083
31637
7399
12558
22453
6173
24767
13437
3779
9247
18807
29527
2412
10177
6127
24336
5918
2385
23441
17017
11323
11572
25209
332
29538
21024
29912
30213
1007
32140
24474
25076
25029
3172
4678
9105
10827
15360
21542
9999
4788
16215
21673
17716
7044
13424
6917
1127
7503
3610
6432
28683
4804
17885
26033
31243
17387
27184
24994
6838
13995
23788
19642
8910
2191
22017
3448
29659
5578
32360
12354
4805
4472
14169
25023
18594
29478
25021
26753
17869
23957
14822
25063
31544
25275
7038
17985
7683
18699
16829
30774
2381
13814
22495
25443
29258
25010
28118
28229
8853
14394
9532
17241
11464
2966
10891
13697
20299
15196
20112
17322
31081
30071
21533
32684
9897
29735
17919
23665
1115
23881
26927
10074
5489
9945
8013
12510
18576
9397
19785
26741
13415
9123
6756
28596
28224
13718
6999
26809
11988
4909
15825
969
14692
13949
2087
4152
14597
4880
327
5257
2108
3885
21743
12759
5834
8794
2076
22132
25033
15648
20932
975
12792
24078
27591
11163
5204
30721
28708
26669
16616
3490
5736
5158
25573
9775
25965
1363
31989
32639
11584
28369
18637
8512
23907
11893
26881
13700
2869
2410
15901
19068
15534
7196
10225
24962
19279
341
8236
28509
29529
29862
25389
12737
25406
29705
6933
32278
24405
9412
16673
28026
19921
32657
10551
2569
16116
2043
27582
24924
17792
4875
8627
8271
13167
24868
9977
7176
3811
3884
22257
27701
21344
8940
30539
31380
21305
14010
17692
11193
19784
2133
22576
1292
2786
28432
20641
29713
6666
32051
680
6892
30693
20638
5300
17956
16239
22191
17337
28583
12395
1894
16843
29454
8864
23495
25323
22307
14658
896
3105
20640
27311
7628
6347
25146
12380
31127
10804
15838
29454
8419
5480
19259
1869
13162
25415
30592
19989
21637
5849
12903
19920
12364
11745
15474
22401
23551
4021
10868
3138
5541
24140
16980
22256
9970
23961
5390
11813
28526
25879
31226
12902
22996
4006
20305
31902
16568
7573
9197
12491
1645
15616
11856
10488
25638
11356
13544
19563
13403
27472
19346
26399
15471
28102
2652
5493
14735
1347
8591
6182
13533
29811
28397
9340
25294
24841
30775
1218
4560
6086
28402
7417
27697
22230
8555
10188
4412
4707
31993
16326
18853
26469
1410
2243
23335
12471
26176
3492
16235
29296
32709
9799
16940
3952
5949
31159
19097
32057
2804
28831
21498
27137
12312
11269
22935
2309
15807
21556
14805
31007
26923
21498
21667
31131
5965
21524
26900
24903
18313
2791
30285
3017
7097
13425
9122
12597
8564
18046
29692
23519
16528
13599
18558
28782
29413
23384
30312
31794
10580
23577
29755
15800
521
3951
25118
7067
13308
20476
29056
32156
21438
15525
28671
15349
21874
17034
31112
6379
28697
827
5568
30883
17940
27433
17571
19254
30435
3162
15979
23815
32307
4449
27316
341
1048
23694
21213
19212
663
10082
5041
18401
25703
13893
4679
29085
248
29819
30758
18873
6581
3157
15021
21292
15495
20388
12723
24193
12186
1139
362
23596
19043
27126
23433
10526
24546
2493
23466
2455
7716
10541
752
17980
1805
28465
5870
8041
26196
4653
26564
2760
26831
8756
16779
28451
14577
17274
3316
21110
17553
27916
25387
11849
4076
32702
6402
24124
14830
18789
1355
23780
5549
18503
1669
17109
32055
17104
3004
15360
16781
1927
9386
26432
23535
26944
23842
21551
17498
19346
26543
4926
4432
21387
23416
3077
17623
4259
2406
3543
27332
12783
11401
20122
27705
7063
31160
19413
15469
28810
21112
16907
17067
25712
7968
11848
9630
27105
5178
3577
23499
4308
26411
20736
9567
10586
13847
12808
21291
32396
9983
26902
32493
15809
556
27745
6353
24069
19409
13156
28215
7111
8428
12337
3511
23762
23405
29448
11362
4223
16794
11304
28747
24616
17586
32741
17479
17375
4816
24827
6384
20320
19
25890
14064
19269
2812
18403
1660
28281
23
4009
28702
19439
222
2331
15032
18580
29146
3241
2758
11650
5131
16997
26339
10870
19850
22549
25999
23684
25965
23942
26671
11529
14059
15139
1877
7394
8129
30405
5186
20443
11731
15053
21417
27754
20503
21361
21942
9118
3759
5715
3919
30034
3669
26712
6298
1190
25340
21943
13503
4272
30132
28752
1775
25966
463
26688
6309
22783
27970
4786
5419
10515
78
21239
24161
19617
16479
6618
24250
3544
29236
28461
15495
87
1856
14760
21112
10144
31312
14580
4447
25034
24431
26114
12088
27255
11014
11681
18279
2566
29768
14672
20544
17674
14029
14928
2508
8186
22397
27390
18890
19242
28848
14944
18677
19193
10644
22014
21893
28748
7374
1523
3832
13628
4708
3907
3858
21004
4314
4207
9251
7774
2459
3143
136
4774
9371
5888
884
32222
28475
22918
32497
17276
29293
24339
7969
13729
29720
24833
22218
24467
26558
1245
29969
21613
21084
16572
18566
22037
9617
22994
29537
26735
22019
12608
21771
9424
12543
21294
11489
25014
13663
31770
23092
694
29617
2159
23956
1205
14741
602
32590
6747
3175
16857
16179
27845
14110
21269
29083
21626
28532
5873
11690
7841
22088
20963
28882
12913
22336
7427
7065
10984
11186
28001
11165
14528
1221
9628
22229
24735
8403
26032
27673
27022
20498
3344
7397
4012
11380
8949
5210
20259
2251
6389
32645
23388
23345
7127
27364
5743
9895
26278
6438
7390
10236
19460
14131
14722
18929
27073
4460
21957
9370
15020
11828
14866
3079
31401
29103
12938
29220
4356
11977
27641
8158
29957
18811
7432
2439
16581
20042
20404
17020
26175
8976
24318
21509
15018
13566
31972
31612
19463
18402
21649
5042
13558
19110
7377
11662
25293
21785
11975
7159
491
13043
29922
30452
1098
8211
17933
23058
30292
6666
294
25095
5624
27357
31922
11668
24572
20743
7887
26032
1941
26814
12649
4322
3125
14967
18097
13807
24996
4780
16843
4533
24146
1757
22471
25687
25580
19413
7379
6554
30253
16686
29103
20623
13303
22039
25953
1651
26274
11093
24361
26835
7060
5768
9399
4851
31761
27312
4252
14961
22357
10735
3327
3878
4832
1169
9873
21069
29970
18761
19395
26855
32247
10941
3126
27998
16996
32325
27762
1128
32067
22512
8668
31022
19243
10185
19170
25774
17460
15448
30585
25693
26633
20075
5577
9233
4158
31254
5926
16159
23780
18680
24899
15552
20315
12736
24482
11194
1896
12528
18767
8508
22151
24289
28366
7945
7555
9991
9298
9432
10307
1143
7216
28923
31719
26534
17810
13376
19220
10612
880
15637
1163
12137
20412
24047
12289
9534
7901
4844
3371
28575
5983
10935
10520
15407
29161
30380
24003
21197
5487
17980
28649
3094
17320
12691
16152
4394
27075
30585
15369
18611
26966
29302
6447
5412
28055
26938
27024
18495
8398
15931
8660
28634
22026
17056
12187
24546
31507
12382
6932
7584
26273
4001
26316
4155
22219
2925
8643
6783
13250
31109
24517
476
27327
6540
3063
18098
30010
20330
18865
20940
24669
23793
22411
6954
26808
24257
10427
11779
32310
4200
10398
11786
17488
7118
23700
16881
25216
30673
22545
1835
14585
6700
14065
29431
19861
157
4620
17562
1295
21831
8715
27883
31858
12885
1146
3861
5841
18656
22302
32409
4921
28434
7560
24210
16100
22924
9450
17981
6063
1030
23082
3768
29390
3381
17973
11786
31679
2546
9366
17252
8060
5016
18503
14503
14325
5550
17094
7461
3005
7878
364
7596
30212
14500
21755
15809
19141
2979
6006
13865
19264
20821
25653
7342
16043
23146
5688
14623
805
11219
188
11161
10987
30503
5644
18437
31182
29253
28826
19170
22245
21051
29262
19269
1663
28006
28190
3613
16475
18651
4063
7868
30236
5382
30298
20627
24055
23953
13219
3645
5551
28807
10150
6592
29123
16570
26883
8719
19686
18274
12316
20947
27567
10502
30827
15210
18578
8608
19482
17968
23567
31740
28109
254
13609
6241
21699
32241
30234
18035
12061
7021
2373
30296
24189
24161
8812
1306
8915
16844
24611
10316
26484
8064
8580
15601
26221
5670
25637
32153
5654
4226
15943
25549
5354
20984
18768
14509
1941
11343
4220
6360
7503
17078
22479
28556
11881
32260
20302
11535
10533
5700
1646
15437
16587
21873
13261
31682
4857
30590
9504
15770
14139
19353
27500
4887
27867
31409
6010
26420
23291
5942
6789
11400
5856
23072
7989
8812
25745
12594
28369
30048
26017
640
14000
16043
10825
18735
16880
10050
22714
28540
31595
12779
24240
2559
19431
28834
24907
22577
10381
10556
24347
11821
26013
11594
14457
11187
8543
26944
4638
25714
23389
28375
17902
23943
3023
32431
22037
1089
20311
21817
5717
551
31470
16084
32670
4668
11294
14134
25056
15233
10611
6158
26653
5308
10028
6887
8898
30072
17461
12880
3127
14413
21338
32314
15285
29281
17589
24481
14936
17455
17256
28527
11893
10119
23442
23709
20781
24278
15483
30107
25154
27048
27410
24818
3626
8811
30874
18728
31330
26998
4512
32739
27653
330
31024
23634
15517
23
17480
22729
4409
31362
27021
13227
1984
19365
31037
6029
20100
7767
4453
3736
23066
7086
25172
17711
11626
25283
22351
24530
26626
11701
14214
26691
3760
18417
21319
5607
16975
14768
4466
30062
22753
19649
28973
13239
3294
20104
21464
4077
14028
13127
9028
14583
17680
32412
10271
6671
26116
5451
9395
23216
6217
23614
2001
5558
5471
18634
19463
3009
19058
17972
22297
21722
21367
5236
28079
21849
11384
1080
3916
31237
3372
13356
20095
32638
8907
13177
31069
18648
7200
11659
9774
2441
15328
792
30823
18053
25914
29790
12761
29351
22191
16556
25639
10835
1828
24355
22141
21082
22838
13502
29567
7709
6349
27536
21376
16630
30452
20301
14069
20179
30696
21260
1321
4132
1902
9291
9010
19704
10090
28468
14115
21346
27822
14367
11139
15650
15888
28247
1790
14465
2495
7201
27739
22653
25815
22522
22190
12326
18738
23329
26063
15688
25986
24917
20234
26186
13212
13792
17944
3926
18711
4564
29262
2747
5654
12181
17429
26767
1634
14231
16026
27032
14524
27241
2503
6509
16497
11251
24689
21464
9518
21500
11987
14719
5398
26607
30011
22467
32018
8670
17155
2025
31592
26823
24003
18807
24720
7702
26821
7137
12867
25708
8377
7013
25812
17311
32682
25908
16067
19970
23857
1746
6800
10982
24297
31935
31437
10848
19746
1111
9335
17997
8154
17655
13190
13460
22505
5217
24003
28331
30843
23138
22490
21085
13507
22450
4272
16330
9710
21531
14070
22703
7510
30685
15615
17639
26361
21586
20174
8242
4137
24526
28276
30006
1669
26825
10905
27075
8999
17472
9048
91
30239
15192
20816
4850
26144
31813
17143
27378
30842
4714
17458
6786
21832
10689
9251
31496
23531
8574
3394
29932
23479
12783
9136
29856
17643
10663
24008
12509
26087
1499
19190
9775
2201
27148
15564
27571
1081
15078
1618
17695
5942
24681
17822
5636
7536
29510
27557
6736
30375
22924
30289
2071
12595
5763
4308
32403
19702
20952
3643
26217
10896
23035
29254
10029
31441
9670
31863
22057
17012
6495
26985
16986
17930
4703
24163
444
29236
32564
13101
25544
5141
1476
3618
27962
30215
32082
1671
16663
13453
16294
16667
6895
24458
5480
15087
15967
15280
16846
13944
32731
14394
29047
32483
19114
27870
4246
30120
18482
13309
19538
7778
3190
13598
17261
7390
27613
29594
10788
22898
24117
13720
25943
16272
4855
22332
24810
19098
6861
24092
9579
21752
19025
24820
28917
23913
14872
6042
22356
13974
2031
10036
11625
21741
15716
32424
17360
11948
32649
22356
13505
25148
27636
11776
18740
5825
18186
18448
14665
19183
24446
6398
19430
1567
19220
7176
6562
8098
24747
30246
30434
4181
4986
29759
18753
629
5018
14748
19510
5045
22468
12957
2289
32142
29789
8107
1413
6103
25519
19565
28492
27029
9082
18239
17543
15380
19371
11488
16710
25655
619
23658
5000
13836
29019
10120
6818
22179
8222
21219
13797
24609
22553
31453
26235
3088
30070
12418
18578
22521
18799
25275
10173
22581
29129
26565
12950
11520
18846
15074
4521
19919
22368
16975
25997
7908
23579
12661
28756
1311
26618
23395
28198
27671
6157
2428
24872
29289
24905
10861
21666
12368
3281
28003
23394
19574
18804
7546
19803
21258
30326
20856
2194
787
2963
17339
14651
1540
16961
26224
27934
17808
25654
2054
30272
21439
25386
7138
24768
6466
7646
31573
32767
15876
30301
13003
22275
1
7553
12101
24606
27739
14266
24585
30666
11946
16139
8343
28376
27284
18005
32480
1994
21407
472
12723
25469
30530
14583
21368
8459
27970
1339
13600
13551
25148
667
23900
15210
12413
21755
2061
18982
31514
9970
14844
1306
32574
1488
15564
31405
4030
16096
5933
2846
28403
8682
21842
24355
31432
19708
13732
12752
24338
25962
3512
29115
16928
25108
31614
32094
8083
19175
14012
32444
17776
4519
5819
10824
10100
26603
8257
25858
31912
13929
12222
5603
23349
6515
5066
9851
18040
1730
11215
30425
25433
115
24323
18603
18137
31055
32666
26022
4843
20047
28217
1320
21893
31071
4525
13596
24054
24931
30429
18975
31866
27512
11517
6880
24588
12668
12805
2765
1659
464
866
10220
29376
3164
9963
24582
7567
24788
16406
4363
21548
8762
1388
30898
31104
5029
10810
18272
23916
25152
4234
23115
7773
20629
22353
24799
18721
9996
6378
29025
11001
3502
28099
20690
2543
13103
1879
29206
14185
25900
30556
28757
12543
32177
30525
2210
17290
18942
17354
22234
25725
20107
24879
22991
13689
3145
23330
678
26139
11051
21857
21374
26649
11749
92
20819
10637
4852
17966
19745
18832
1758
17362
18508
31499
3003
25236
30783
2506
14836
9669
11603
13778
32331
179
8435
22773
31003
18649
28415
2723
25313
6226
15981
13827
6652
13460
23862
22082
15793
19802
21360
19756
31346
10210
12727
2041
27488
2649
7890
26217
13582
31636
26772
6163
15752
11008
7167
25593
9620
5340
26800
3681
26423
13989
21367
20704
15739
26578
31813
6328
14704
10946
31563
32612
10353
2547
6496
12656
12200
21876
26531
14222
16597
21661
31330
21991
19530
16381
19259
30127
21562
6036
1665
19708
17716
10562
18402
14552
14315
23424
2630
32148
56
4174
20217
24928
11618
13420
16397
21785
24476
20173
20986
8034
5839
9289
10376
15862
24218
17298
17135
28989
31640
3433
13116
9757
32225
3346
25846
12818
23763
13573
14082
5505
18
21478
27844
14409
22989
21943
14983
21660
30275
9549
28959
1037
9350
16896
3276
8937
7295
23975
11106
32203
17971
5828
11687
32107
1604
8955
2045
17591
13243
32201
1601
29989
6916
28530
1778
3399
12858
59
29078
5536
25254
11226
27737
4022
2946
26923
5368
23400
8706
23076
16605
1666
4757
14347
2188
14991
18280
20454
8765
15598
30763
9012
20426
13608
10009
218
25548
11649
28466
10848
8705
461
1995
22877
32498
12421
8521
14640
722
16922
32554
10481
21416
14985
29509
22952
10929
18736
7762
7356
14591
10976
6572
30382
16231
29235
28246
18950
23962
10784
32060
11918
23698
1740
15548
18623
30768
6307
28517
13689
27683
13736
14335
24055
18443
3337
11979
18433
20190
6391
23564
13923
25995
25268
15301
11679
21726
19694
11973
12511
25252
22603
31969
19245
1551
5701
19585
14566
15196
15928
13150
17772
15026
6329
17545
12572
5710
13610
16304
13184
989
7563
17821
28101
21801
31891
13823
24943
25592
27136
6765
16203
30001
20779
17064
8869
22337
9695
30240
3260
16317
23403
24250
13427
11337
20982
4305
32329
19128
11795
21627
12427
11381
20118
5133
14281
18721
21669
5089
3974
5245
29202
22358
9011
11147
29160
22297
15199
23792
12099
27811
19240
4253
28261
5891
12789
21166
19463
31966
17767
1426
14061
20404
14220
32621
10173
29796
11606
5818
2833
5363
6476
25141
4555
32649
11904
12280
23465
30396
32705
30692
12313
22289
7953
19778
14670
13760
20826
5034
30099
23736
10844
31524
21215
18403
9450
1934
10410
1963
2902
10046
1024
11453
17450
7400
31188
8461
22296
16577
29590
4634
15924
23780
10760
20595
22369
10485
16973
18554
2569
10501
16706
30824
29970
29622
18706
1937
14605
9120
21765
25322
12976
30707
26521
712
14726
26717
24276
15850
14053
12334
25304
19898
10529
5306
8888
26576
26367
27390
21386
4280
14188
8327
9662
3061
4463
19344
9390
3397
6237
1643
13429
3879
10316
6690
8709
29339
1737
15453
31092
19497
3022
25734
5783
548
22254
31788
9170
8240
25811
28325
31534
1026
6378
23544
7596
18279
3933
29434
13530
2952
19266
14006
21155
2412
5394
13074
25451
3006
7516
25776
1628
13777
14266
22547
16378
15329
16901
17411
15102
28828
3013
9010
2913
19424
20971
4383
10167
20167
8899
28219
3262
26849
15908
3915
16183
17088
17898
31757
8180
4538
21157
286
17971
22762
16531
6427
21546
15224
18636
28934
31203
17434
15037
3052
6730
17883
27095
18885
18053
14876
9096
21916
899
16344
16747
16112
3544
8236
11196
16985
4040
31766
24590
1391
32161
1917
20544
18919
3151
30065
11693
23551
30250
31157
29859
16413
530
890
19479
25522
190
5486
3478
21861
13393
24309
2431
18542
22062
31414
23408
26431
12046
30298
25342
14698
30032
1936
13481
8383
26000
4693
5902
12724
18810
25714
24671
27403
24800
19014
18449
4270
24843
24773
212
11742
32335
18625
11976
652
13282
8041
3566
24583
15855
24591
23773
14552
31205
4910
24502
26602
8469
28331
3929
29423
4476
19291
18649
19454
6365
5062
4398
22145
30228
4138
16682
13134
1190
13251
11695
6164
18076
20298
8222
13817
16530
19644
13074
29569
23563
22620
26447
32178
17415
6907
1269
29814
28632
26999
7418
13888
20529
3458
16086
3826
21120
2980
13952
19967
11901
2691
26266
1996
12803
16227
4840
1629
32544
1001
12039
11565
28776
31012
1372
21597
6030
23502
19018
24337
2613
28110
28584
4376
28931
6402
19570
26571
3319
12092
27838
31287
9981
27530
7666
9342
7616
6331
2869
634
1472
286
32291
32164
4004
2957
6085
29236
10449
10666
5568
12170
2619
31593
30668
22477
10619
19407
6504
25298
16419
19193
5069
18495
23886
10591
31776
5360
13691
30810
20971
28569
9371
29668
12750
20653
5736
6559
8306
29055
18681
12570
447
13992
7571
10575
4175
6568
27587
28528
26914
21968
2729
8931
32659
23647
1175
19083
3466
21483
10459
28489
21492
9986
28632
16322
16240
26130
25948
8547
17739
134
3373
21155
3247
6450
30181
648
14359
31217
28160
365
25350
27276
3892
28418
10233
28382
5121
2452
17050
12342
11144
655
8758
5629
16288
31809
113
20889
24871
5344
20537
24976
20118
8911
6392
20465
18648
1565
4622
12272
10845
13135
4734
7888
29802
23391
10471
19462
18099
21764
28599
19611
29995
11060
29083
15826
12315
29927
12858
31499
29297
23071
12066
27367
10843
27173
27906
10157
20501
10005
25883
1772
24320
27292
26353
17506
25843
2049
16966
21533
7125
20322
19784
8160
16748
22081
6922
13256
8560
10559
30257
7727
1508
19238
29680
1745
422
9517
13110
16685
18756
19576
7205
24111
3601
16607
13255
267
3960
2288
22524
31596
22161
20279
30647
29902
20466
25789
7018
8488
14280
19662
20927
19151
3110
13823
21641
13207
31132
1136
31226
4411
30220
20815
17942
10495
32185
925
12391
20115
9889
26165
29171
19003
32269
24330
28523
27181
25702
11184
5029
17210
23370
18206
11852
25777
31199
23730
10967
897
31591
27765
13239
24733
7189
1185
5589
28325
14367
13408
30779
31426
24853
7127
15377
23762
23921
15715
6348
29381
18031
29730
18594
27462
14367
13238
22849
9118
18360
30021
29888
7382
13359
30148
14038
19484
1288
10614
25162
19049
2925
2223
2730
10080
31101
6622
1600
25464
998
23754
15426
21853
16822
31516
9033
32404
15982
25118
1028
4958
29272
10690
21550
14816
5403
27878
15805
17536
32397
30422
9821
27538
2504
27155
19228
18996
11904
17491
17511
8822
17556
25544
1589
11455
9698
29093
12418
30316
8800
21983
17407
5049
31337
6192
3848
10469
21332
21090
26326
3729
23115
6090
246
5482
2394
30227
249
11527
17095
29501
3694
29204
13986
11492
1805
26545
18076
31942
8501
24597
23581
18048
4761
22647
25744
21144
3894
19502
26626
23232
13448
17175
28139
11097
13565
7991
9291
32311
22442
28065
31993
29348
8252
16026
13624
18087
13106
18684
31628
13702
19018
23768
10188
8073
19769
26975
14711
24321
25247
6659
4171
28297
3386
20185
4884
17548
10586
29762
14531
2055
24213
32202
10175
656
22971
2128
24448
29592
25357
26472
8281
10477
9385
8701
1429
130
13641
8763
1478
14195
15149
7339
19802
10820
15190
29344
10095
27242
26869
5075
26857
19724
2339
9034
4545
22282
16082
25470
6303
10815
21252
11708
5292
22531
19771
30924
14753
15604
28720
13009
23077
18935
28359
29296
25685
24185
27971
17204
3236
6139
8886
4401
6885
15053
11964
30696
3494
6169
30569
30827
1984
5412
9088
23234
15404
14289
1254
16012
19480
23655
1878
7913
19258
30867
30549
19864
24165
4017
13673
10589
10330
15431
10630
5030
30944
29394
2761
26989
29207
25030
20329
864
6153
4816
22762
320
32386
12638
12435
25735
2338
6753
26659
15949
29104
6481
29376
29804
2225
30322
2608
25059
25657
14935
29771
22136
28930
19108
15536
14754
6587
17432
14008
21669
30882
13770
23464
2047
18261
8626
22827
28675
229
26220
25599
15556
27181
30265
8942
16692
29794
32583
17920
32141
11755
26930
7663
10480
13682
19402
18395
32332
25403
17175
16703
20610
7348
17562
30756
10695
1614
22998
11156
31305
1932
25615
12370
6677
21849
19794
28104
8760
30367
19125
10049
24868
30485
5088
25944
28246
15449
13260
5040
8502
12606
22219
9958
28479
15207
14793
24260
30047
12053
7889
30904
12449
13629
27347
26244
10761
22494
20644
23862
6591
10385
11590
20571
17777
13666
31082
11632
7666
16350
29747
27545
24615
27245
27453
17302
15651
20450
17374
9202
19857
14673
10667
13693
21586
26144
1598
1021
5224
6753
9783
7969
15891
26463
12161
18358
14137
25207
19671
32029
17163
15914
12934
32509
19686
31088
24692
5941
23159
6478
17761
16405
26915
8362
10093
31437
15014
14943
30170
27173
21754
18829
26644
1391
14714
21554
3566
30650
5959
31743
13615
32585
31979
31076
18509
24900
19772
19694
2680
17836
31619
6866
21722
3988
21214
25802
14622
1423
19683
5663
11567
24165
15238
5639
9282
1546
19005
21554
14614
11984
6754
928
19834
731
32472
30645
17169
2517
6897
22415
12626
5860
26767
7063
15570
21209
27018
2390
29638
13995
2130
8587
21443
2595
27606
13434
23753
15064
17060
4230
21888
8030
18769
32514
9409
31419
4123
837
25688
21530
17357
4092
4361
30404
32227
9925
31697
11851
24559
5625
24685
4872
32315
18632
17697
31432
23984
23948
1970
25027
2294
30295
15284
24526
221
30670
15884
32209
3068
10811
8621
32634
10648
28893
22949
30003
11207
2947
17501
10834
15572
5721
31772
17296
21478
15361
4302
8637
23773
19941
3844
23730
6013
14028
30779
27270
29134
31660
4193
18181
25026
16063
9365
12125
537
30937
12079
17947
30338
23801
32000
13142
23299
6686
14299
5418
17050
28508
31315
21609
2341
17966
20679
12684
31871
18190
19356
7664
8428
7235
1738
13631
5303
22267
19098
27435
22297
10905
10670
16739
30301
29264
16449
6591
26946
13553
30896
30910
6049
6913
31033
19507
22095
2831
7939
2619
23109
24644
10847
15474
26366
28476
78
19303
15393
19732
9539
7757
1632
3269
21802
25331
22432
26288
23720
4598
27226
32378
6053
821
13377
15129
14600
9861
3109
25903
16321
13478
26391
32663
15629
27766
28878
3646
20469
12389
841
16181
31256
6185
16822
10756
12715
19123
23187
6464
21694
13409
13587
4704
25025
28021
3523
4044
6470
25798
18029
8503
27913
8885
27964
26159
24621
14435
16162
5874
15560
12065
10615
3972
17058
3112
3811
4350
13114
15499
21373
11561
24330
32105
29748
4171
6156
5223
11631
7489
11645
27741
29936
4046
21729
27216
19198
6451
9287
3745
9923
11008
462
13955
499
25641
11368
4530
18350
21596
16862
8291
10920
2450
26133
19830
9863
7141
28559
30963
12428
11169
15668
1716
23414
1437
6483
17759
29347
25036
19940
16792
20601
28687
19984
22900
29700
10061
6387
9264
6624
2758
14752
547
23642
22948
2149
26865
7890
23763
4433
16386
18532
18195
17396
24882
4551
23372
20582
4554
27252
19745
21899
1968
14603
4039
17556
20186
31475
1816
7625
8968
1857
20195
27270
4531
30940
3207
6276
30784
990
32448
6746
12922
14909
16320
28996
3391
938
28034
1058
20857
19641
11355
26564
31569
12611
14290
31844
29087
9737
30129
1140
20900
26009
16220
6299
8955
9334
21858
7418
1997
20595
12626
7091
15685
24416
10704
10412
67
28904
7399
12944
10837
18362
5281
25879
6883
24039
6613
136
16553
6283
10561
19068
22378
24240
32472
31716
11747
5999
11101
20557
2047
21336
10289
6755
29001
9493
23914
436
5030
27977
20004
19895
26180
7614
24348
25101
18638
14272
27515
20486
24290
2500
7151
8551
16324
28750
13312
16491
20052
7697
18850
8455
19773
12119
6918
3954
880
3235
30390
18405
1233
24725
27105
15264
29487
9487
10483
10029
19322
2966
26217
24040
4912
17659
3044
28351
31257
27706
2428
1591
17460
6306
12118
12719
4081
23350
17785
26601
19616
11092
21981
31430
29994
1684
23749
22097
25343
18419
21327
12543
19791
31281
18506
4406
18557
10615
31559
19467
22993
30781
11763
24912
29549
31595
8100
22734
27778
8638
26417
1231
18883
10862
7943
19936
27162
28430
6009
27604
27546
1203
856
12300
23734
30808
21188
17654
3504
10881
12353
1748
5716
3615
21518
22975
25573
20148
8626
8427
25432
8631
17367
15148
7104
18234
14939
10425
19722
32202
3749
15921
26346
28055
8757
2267
27669
20181
19327
18482
5553
20321
13562
8353
19209
31656
12916
27531
16774
11973
168
18574
22747
19945
8978
21513
1919
21248
21506
9947
27488
27281
15088
878
21206
10470
23823
21493
20949
6766
31780
24049
14184
13151
22425
20218
30554
25247
973
1724
23606
19429
19375
16960
5491
27932
20619
3181
30184
13064
23588
6094
30342
16683
6402
26005
20805
28906
9485
24032
18527
19436
12891
15676
28093
1475
10823
31591
32430
14542
1731
3931
10207
27229
21999
13447
17800
6679
7146
5472
29667
24729
1767
32536
994
24928
10628
685
10273
5097
12120
10022
28186
10262
16331
4378
22424
2516
811
17265
10350
18427
32252
23918
15464
25206
13967
31214
31106
17315
22742
5098
12888
26876
19574
5187
3294
32504
28958
27839
16721
29740
29975
25678
17773
18358
31261
30867
14305
5851
31854
30879
8192
11759
12320
15616
21945
8309
18615
8442
9673
11400
24311
8468
1583
28026
26871
17111
28384
8634
30839
10706
10941
2043
13171
32225
13506
6034
15097
1711
30080
6176
29751
8314
29901
23666
26584
28182
21434
9381
11153
27701
8901
27534
2550
18917
26704
9049
23699
10842
27474
9583
19512
13294
5709
22942
27540
4198
1664
22644
24581
17015
7005
3307
3247
29833
6717
6476
29644
9402
14931
845
16962
21030
11486
27516
14715
3942
30115
21473
27505
7766
10139
14815
32008
31003
23017
1884
25249
27749
26894
7970
19180
9970
22624
2180
11261
25172
26553
32324
9891
2291
12652
25780
13301
32085
25725
27420
20781
26269
28433
23644
7610
9810
11555
25298
8080
23394
28537
17278
8643
5735
28374
21604
24916
9000
32626
12850
31819
2915
6311
31011
22277
14026
1261
1315
27600
19531
19976
32052
14517
14484
14720
11792
16277
32215
26962
30736
19576
12490
29925
21580
30241
18163
3647
13572
3302
6690
1913
17727
27582
17727
19568
19377
24476
15941
9406
13538
6395
20879
20969
2189
23482
25171
24025
20038
24875
5228
11664
9568
8295
17244
11285
5134
28900
27281
8625
20936
15177
25319
2910
4337
11392
6511
1661
2998
7949
9071
9415
22585
11935
21417
15494
18415
10725
13536
2309
22086
22179
3481
12101
27276
15365
20767
31473
28940
26419
8649
26516
3962
24101
18559
18954
30865
13497
17787
11829
8954
30723
24141
15601
26480
25572
19746
15945
18978
5854
30021
3051
29528
14374
16614
2009
7002
17403
3099
27490
28046
29239
16676
593
9952
27428
2547
9828
29542
16016
15084
3839
20292
20772
23273
18722
28366
13297
27777
27545
29165
6732
23690
23410
26308
25052
14812
13492
24467
24817
6744
11086
8155
28439
20777
30798
9411
23532
23114
10067
3258
18478
8008
22597
8798
5400
31050
18755
3740
24047
5198
15581
30233
12248
6069
4228
1489
29676
14338
5950
13055
16270
5599
3231
12860
32508
3681
13300
27114
11813
24716
30657
25555
5051
19482
7534
526
12936
3448
24893
31523
25861
23314
3711
24942
22313
18384
26632
14793
21119
12000
29920
25957
4219
3255
1339
25337
1806
26962
939
11039
25464
14274
26261
11258
10078
20199
21986
10269
7196
24444
22774
31912
4188
2899
8422
4788
5096
482
17125
32754
9660
17919
30464
6798
2144
232
12044
1114
12404
1670
6620
28968
396
28403
26295
11383
19775
26937
23816
8787
18555
11101
7256
28534
27419
9116
6266
15539
28092
20212
9733
27029
22988
22758
11016
19011
24547
26747
18424
31910
26711
16005
3309
6350
4619
2343
3854
16530
4999
4247
29258
21111
12878
8483
15178
17364
17515
22130
32163
26163
28750
11277
14927
7161
7894
30493
606
16458
21423
11639
12777
17959
24542
7637
22344
21209
8858
32102
6788
22419
19550
28298
14607
28243
22588
25814
27059
32265
12148
2655
15561
27131
11077
2613
19627
20584
26883
25645
21100
7275
9322
11748
29382
28451
3122
25856
22355
9233
17635
14009
26624
29889
3563
24729
14528
32685
15598
3711
32637
13918
861
23018
9812
30420
12874
20084
19969
21544
28795
6045
21656
21104
5821
15306
13431
6627
9850
2190
20344
25918
3726
5159
31339
12134
12887
30796
23747
25678
26379
10790
30863
6427
23375
5020
28332
3974
7429
20947
21305
2178
12645
15605
9804
10783
29519
7474
17635
31919
11231
12549
26142
17191
6467
26809
30891
13000
22473
31531
29825
19966
24892
14289
29905
26248
5745
14843
11833
2777
1821
24921
5436
25278
27625
13246
18671
16194
1737
3107
5620
25039
23945
15087
9644
16021
681
31606
11689
15919
24682
25279
13154
17028
14889
11146
14379
29420
22508
913
24932
5013
4155
15887
28912
27684
9265
3967
8681
415
8658
13990
15761
10122
16543
14035
31884
11344
27752
1894
2125
9445
29282
23695
12495
7082
1145
27992
10885
9873
1767
23270
26771
10369
23558
7419
26430
16892
8802
6080
31393
13567
6419
16066
30114
16425
7754
26938
15653
13600
31785
15249
7040
20017
30680
18979
26670
1846
22229
22852
22471
32189
20107
24192
2095
7270
4647
10023
7438
5517
29351
18442
129
28969
17715
14975
7184
12788
945
19115
7647
21965
23444
15104
7720
13658
7924
16644
14568
1777
19428
16212
28633
2233
7680
24809
26785
5644
24133
31131
23369
11296
25894
20451
17648
8679
731
13285
12993
5939
16893
1966
14626
24350
14416
7354
27438
27049
23008
2745
26214
28835
591
25490
18083
27597
10349
26793
5712
4155
28681
9566
3797
24317
3591
4822
15702
1791
12979
10493
24478
7726
28245
203
3414
30172
17414
27591
379
3686
24257
9418
6159
28180
7357
32262
21518
24384
25850
12358
419
22971
31514
12151
18588
7020
17779
10344
17180
13370
14690
3022
27791
2349
25058
19083
31971
4815
13405
10032
1014
23257
10178
16576
22858
32011
16855
15031
13312
12124
3793
9802
32516
5459
14114
4337
15749
25269
10130
23587
5032
4448
32657
16992
18301
11895
14795
11637
20018
703
17150
16892
14726
6729
29448
17442
6529
28498
7237
14765
9826
15463
9495
27965
18138
14797
24518
14033
18039
18975
5259
11662
20579
23097
29159
9916
590
30805
22329
9746
11177
26228
11664
9011
3349
11264
17086
18552
11291
27311
23214
3824
3869
31402
27383
23461
30092
4591
13488
545
24668
31475
12423
20529
32437
7820
269
1769
21228
25871
24404
25832
9137
12981
13756
9694
3466
836
23818
6987
18560
26859
12218
17033
30231
29293
26519
31756
2948
15490
31112
18409
11291
12922
25517
11157
2055
16931
8618
9455
4925
1773
15171
20097
10419
12364
8490
6403
28108
10078
19476
15905
2583
14286
21010
20607
1850
16376
26143
3321
27945
11341
30197
20783
28316
16889
23078
23361
14783
31940
19559
14039
16683
1078
6191
31589
4373
31743
14721
16301
1221
13206
24069
26245
28746
31007
31838
10458
4717
5010
30136
245
25315
10266
30112
23293
4295
3771
1049
11965
17735
23096
32236
26280
32413
5940
26431
14362
5953
1687
19561
20705
19804
22323
9477
32252
24192
8872
27973
12194
2967
12676
27018
32391
6426
19119
18481
5722
8068
4615
5551
10642
16389
14919
14048
21098
4474
3629
23964
1322
22941
5340
11148
30633
26233
21887
30523
8720
7202
32303
26480
15584
2722
29207
22716
24631
8246
725
16719
10319
19387
22820
1807
839
9059
20664
31724
3110
25516
19306
29805
5917
23187
16277
11407
21260
4868
1472
28368
9288
21654
10621
12679
7324
19317
16784
7798
13453
27807
4948
14498
10722
27220
1371
5219
10084
19655
9557
21943
6627
794
17715
26843
22137
137
29580
10525
30227
14822
21311
27116
2604
5957
5722
5681
3804
11768
8250
23010
15890
22206
4852
2515
10269
29751
19444
15824
13682
32155
5092
20714
30121
8620
1488
15374
24520
5609
29063
32476
26564
26117
15684
2741
3397
22423
2701
25622
18346
13843
8796
28197
29517
6905
27773
5258
9224
1612
30263
18304
248
23366
19502
32300
3456
5450
11144
13101
913
18714
20047
3956
9001
17994
22294
14166
6938
27893
8160
28127
28429
2990
28733
618
32454
22969
24246
15470
4778
24956
24939
14747
4478
28464
20987
29222
17265
22492
26788
22369
18013
11396
29356
16526
5962
11677
18431
6645
21812
4805
17433
2612
8462
31409
17958
471
16134
5991
31848
26920
23819
27309
32474
24648
8844
9921
32019
17791
28035
1866
876
30161
24755
13967
7013
31698
10029
4839
19269
8379
4377
26736
14593
5052
28083
29444
29791
7060
18068
15465
11355
1632
24627
10952
21450
19376
9131
21345
31037
5344
21951
25980
22056
8102
16155
16803
22852
12007
10716
4366
12337
32207
22611
29023
5216
26912
22790
2192
24368
17098
23544
5417
10583
957
27947
20150
31108
20475
14434
10872
17987
241
14891
22619
20256
10759
541
3112
4367
19318
27231
26364
23051
10073
26730
5369
16382
27912
23311
29499
32481
11937
31163
21005
548
21735
18682
10077
7504
1360
14394
17774
14315
11865
19666
27085
28828
11805
32322
14470
31631
18214
10172
30615
16411
22403
13028
7845
31138
1562
24533
3822
24505
23104
20068
1919
6537
29063
11432
10663
117
18391
11962
8619
30206
17857
13241
18363
20707
2319
15377
19749
9612
7072
5373
18889
28072
3187
23883
15821
21270
7937
18272
23442
8705
1232
15483
11750
9808
21829
17726
28283
30781
14266
23402
8343
31811
29648
2282
17422
6718
23558
30739
13422
28622
18059
22826
2169
508
2129
16678
1496
12832
9827
26040
32013
31234
12664
23177
8618
13119
32712
13251
12992
28142
14622
12754
1947
6788
26927
23148
21676
2805
3114
8910
15559
3868
18832
3913
655
12381
20806
27646
28206
20617
3817
742
15177
12289
10081
29461
9010
7967
29881
3391
22368
24273
29741
22907
29
29831
23173
10823
4991
30032
17058
24780
6297
3135
10839
18020
10994
16404
12666
8026
21047
15384
20282
23281
556
8265
29106
1191
22248
7351
15295
23226
24898
23598
21775
11756
6023
533
123
28291
15982
16278
27799
2709
24141
17408
29319
386
6284
3177
14100
20674
29018
22167
25087
7649
24992
15137
24468
16839
17715
13009
24707
6461
31054
2893
3052
16045
16191
3830
6073
4393
14176
25617
15152
11439
2121
26405
12232
14252
1604
1187
13372
10686
28418
21964
17887
28606
3468
1232
1071
4350
23163
15411
29356
14799
27756
9589
3307
20295
19631
15090
24806
28737
1087
28935
9110
1956
29943
31350
29636
21481
21250
11276
16156
2007
21140
17281
32131
26769
24023
5535
13994
3283
26409
26534
1507
8569
11140
30704
4148
22337
31037
31185
8362
24017
20210
2241
24304
4092
26302
22205
21536
13633
430
6634
12761
31892
1913
32124
3986
5218
20075
6614
4654
975
8099
14322
12752
10562
19326
25604
4592
547
25171
4954
8111
8163
25953
24967
27239
28221
1029
10432
27271
11964
14641
31110
10910
19838
23833
13702
1717
29495
32559
20925
30178
30840
7250
991
4634
7730
1346
24314
21063
12150
2392
9046
10906
28798
14708
17825
1827
32497
22326
29000
21663
1891
17521
2600
2961
29723
1756
29030
29076
31002
13323
4507
1263
8537
22942
30261
18026
16721
13753
29210
21856
29376
21428
6542
4630
32171
24851
4950
14923
21151
20152
1309
13328
31293
4695
7960
31450
7670
7211
2790
25302
3602
21735
16826
9852
26871
14320
3515
29287
18344
24009
15019
25444
5004
2766
14791
10953
26993
5670
15599
19720
11728
15603
3335
11907
13906
13771
8093
25250
11412
6252
12236
28963
3623
28075
24160
1458
28124
31662
7482
15802
23102
8795
27127
2170
3423
23568
7116
19803
18904
13973
18612
19585
2315
22607
1486
28064
24235
26038
1792
28945
13695
23305
25057
14117
18786
11840
30678
4537
655
19778
19323
21514
5659
19544
17732
5323
4035
22753
11108
22133
10472
17480
20717
2527
4312
15156
16441
7950
2639
31998
25738
6222
574
10088
30445
21377
970
27276
12900
32184
11672
14610
4931
25856
3144
18598
9691
7295
32319
30377
10326
9919
1194
25895
994
6729
9663
25610
24850
29814
17478
31373
23424
3714
4185
9459
6328
26850
30056
6776
18001
16599
10624
12168
17245
9284
16844
10287
30980
30653
28764
3793
9835
8928
20261
25371
9179
22248
23625
13625
24863
9087
2969
329
9005
19924
4440
24336
17673
7662
19010
23020
32743
5696
25805
1290
32400
18813
12207
8153
16390
17069
12704
24255
3435
13185
28257
11274
1823
23779
31997
29993
3369
26066
21327
22556
1752
5229
27332
17705
19881
7501
8803
26833
16236
32024
522
29186
15267
4179
17146
2190
4139
23928
16789
2012
6430
17737
15463
20958
6135
3427
1124
20034
1527
30998
624
27117
26056
25716
13861
10917
22625
5544
4560
11021
31017
14474
22460
4823
17759
14448
23732
24373
4793
27718
21443
3984
22859
18657
1854
2685
21675
3472
8964
20205
16467
7924
29701
17827
13126
1042
16641
18156
24311
14759
8338
10378
13670
20411
28781
26609
14988
1401
20965
17590
1273
22334
20401
24388
12732
13040
4334
12241
20355
18065
15720
27024
1283
7444
30485
7720
30362
32111
3298
13670
12083
16369
19122
3374
4203
3542
2724
21944
3570
16153
27541
32249
14387
19081
20711
17502
23095
31775
3968
16320
11974
25999
27669
29845
28880
15645
20136
19043
19212
7858
20303
30075
27359
25391
56
10467
14975
513
6378
9364
1624
12534
26317
29669
4527
13902
9965
28744
24197
8470
11515
23604
11454
23473
31637
10850
29826
19640
12742
17724
24548
31236
29137
27283
1985
25096
9514
28560
30699
32612
16838
237
16007
10936
29844
13156
2740
20150
21836
30824
7790
8828
1895
19220
6065
24096
27758
10593
21729
7564
19320
11675
30825
25996
4591
23574
20387
32549
4498
31005
8440
7465
24512
31531
9544
8
14835
27998
12427
3049
5003
22056
19897
1273
12493
30280
20968
26115
29483
29688
10932
1346
15045
18024
27620
31603
305
30060
24651
301
4471
369
8683
13941
352
1974
32097
2190
20465
30393
9341
10766
19762
26351
29744
20791
12084
27575
20907
12419
30801
28817
25285
23937
4790
30347
9629
6624
17695
17917
11137
13001
25826
26742
31503
27251
26927
32502
23962
8177
17302
18526
7120
10574
8649
27684
28057
5083
31908
23883
8514
16072
6250
27027
15834
1010
23122
18669
9436
25340
5954
16689
30479
25249
16346
12819
16555
7240
3508
7508
12477
9689
5610
32565
24524
19920
25817
2865
27069
23952
1829
8427
24308
22009
9214
3430
20668
23100
3233
27764
31977
15598
25889
15985
23740
25436
19047
1584
6918
29471
6519
822
13712
32240
15350
23590
19899
8125
7657
19837
27748
17148
12480
12415
15626
32575
8083
28274
1075
17928
6315
13321
21771
20959
20548
31011
19023
2979
8337
12470
18025
23070
27393
13573
32477
4059
7873
17434
22243
27452
2178
8304
19797
23751
20348
10736
460
1985
17331
798
5383
12542
24953
5781
26764
4087
11828
4273
401
13853
21089
8587
4892
109
5337
6954
29546
18245
6995
16375
142
16502
5163
21874
14426
18330
11618
20260
1922
168
31973
9684
5119
2245
15890
12030
1714
10589
2168
2177
6218
16755
25566
27800
25959
22837
23943
523
19967
5076
693
31911
25602
29586
25708
8683
11577
9245
2168
1540
15476
16155
27570
5372
26084
16134
31102
15406
4806
5178
7320
18429
30785
4172
19729
18885
13714
7070
16276
6674
7526
26928
6638
19216
11911
7353
20685
8003
32699
5879
4808
22648
8938
23619
25760
29436
17278
18792
21190
8459
1039
2741
23581
6795
24384
2385
31232
5371
4068
17103
27015
30630
17510
16130
6662
8220
8551
6163
25815
19170
22440
18640
29274
29801
20779
13639
28729
17981
14741
8596
31985
25727
26071
2807
27790
12181
24333
5930
19125
20000
5286
3569
15848
4910
31174
4338
12294
5298
4584
1479
24593
1585
12488
26194
16692
11197
29056
27472
19205
31015
10481
17713
7943
12657
22372
22312
10099
6786
23921
10366
4920
6429
30753
43
21312
18708
18511
24231
31989
26041
26964
18942
13828
5782
23267
8227
3424
29790
16945
25478
25995
23075
18009
13800
21521
22216
3072
30062
6741
21178
5172
12277
7055
15835
666
24742
29718
22975
3785
11210
5595
29723
9457
3295
3638
9594
31168
10987
22758
26674
5510
18192
25683
7063
6807
31073
11029
18286
19185
12276
1722
13221
4382
9272
8132
10305
4188
14985
7922
27031
32764
2
961
17599
22024
14995
17457
16454
1320
16211
6604
17699
20934
791
8165
21484
625
6467
10014
6730
28543
5344
25133
31915
13815
32751
20447
26678
4526
23805
1628
260
8879
26360
17326
141
8672
833
26493
22624
18659
6658
14876
27928
28987
18626
9418
32139
11952
9015
16177
2628
26868
30299
22067
20788
14470
16834
20454
12708
2775
23338
4317
3182
20908
28756
18090
29805
16835
23314
15264
17202
25785
31650
6110
26104
555
3386
13193
30426
9244
10468
24152
30276
14998
27276
16470
14504
8852
27735
14307
23666
5152
3127
22780
23613
15289
12221
29117
4423
759
31278
14372
14882
19570
10456
1304
22957
9951
2470
16554
579
15228
16371
25498
24882
31663
19356
12829
7791
20969
1625
5085
25736
22993
2893
11586
9433
25503
15579
7664
27651
18117
23740
2193
23194
18389
27214
18388
5662
5535
15151
29877
17965
8601
523
8704
29174
22405
14258
28944
20977
30797
6766
25565
27086
7218
14227
4150
32427
8229
13143
6218
15753
629
17124
3181
9729
29355
3244
6681
3379
6323
25341
11315
19712
22332
3285
24720
29561
3424
4343
30392
1686
7048
14142
7146
12332
12170
13362
14432
26137
7189
13017
8659
25281
16207
12496
22338
447
15548
24729
10736
21716
3682
1591
30636
1315
12587
504
23124
21665
28810
32147
28828
21447
5473
28530
9228
8074
31779
26705
4168
15244
22070
24328
28564
23700
6811
28325
12439
14140
27088
15038
6495
9961
26869
28166
7078
16640
22575
1821
15956
10327
26698
26541
16453
13546
5026
22962
22603
17360
32323
32537
13943
17261
8527
24461
10900
20456
17824
2190
5109
29663
4527
29635
32369
24922
11956
10129
4267
14078
18703
17900
12183
9604
28647
32109
31545
2409
6161
4261
2224
19686
17971
26546
32116
9762
9257
24591
28636
1447
1447
20145
12515
18706
8224
26703
25387
1551
31207
1025
834
389
21653
27660
17701
9998
5802
12540
27394
5290
30839
13044
31042
3764
30779
21827
27591
28693
22924
4151
20594
27319
13304
21814
27369
11325
21741
30986
17815
15089
30934
6269
21492
7933
8071
11046
2566
11231
32731
14466
3368
32279
24219
25415
25098
290
19618
16116
15353
4524
4159
9133
20832
4098
15835
29766
22927
30406
17372
2718
6076
18918
28105
15918
5959
29134
8878
14561
32067
22237
25282
3622
4913
20758
18503
18500
28430
16409
4018
24559
23697
24401
27404
21016
27566
10862
9368
18441
18526
26134
21686
1456
16290
8407
12039
4667
5573
16481
10962
20198
4578
28402
2726
28689
25255
32017
1857
3222
16472
2943
8625
14169
28695
4459
24761
22305
3170
4837
32118
12454
14045
7061
17218
22251
5970
20909
9945
30157
19446
13596
22715
10972
12014
24325
22225
24683
5393
21871
16722
24291
27120
18238
30440
2141
19731
17506
15375
29295
5254
17998
29118
21061
22677
7339
8010
28404
27859
4686
21383
3596
27233
24168
8496
3692
12140
13821
14985
9563
30712
4504
28738
29140
29660
31548
6047
23072
32270
30877
7126
26539
22817
26000
16057
5392
5388
21185
19604
17014
557
15524
18265
17439
21902
11950
19706
16190
25190
9924
15639
18697
3299
19700
25049
31760
23078
21347
8222
30669
16784
4742
29398
32380
9020
13717
13740
9517
1996
2877
746
18967
3433
20118
10390
17711
9733
31828
30945
1785
2787
2113
31171
6558
2394
1771
14303
14400
3286
8089
16556
28810
2591
23172
2006
651
12254
8004
15330
29380
93
30601
19986
639
14478
27147
12680
611
10319
452
5549
13126
24556
21852
8148
10562
22245
8933
26651
25867
28658
21448
15762
6015
32325
31999
30112
17279
12303
12165
19106
12798
581
11531
3540
27735
8612
21741
12405
12516
23795
23908
26662
5580
3208
11517
29332
19996
4877
26698
15446
17690
23428
2007
28441
982
30857
2655
11002
5377
18647
5952
28467
23298
17678
9517
30202
3143
23220
31011
1958
18905
30841
4510
2324
1076
12223
21004
18761
8789
3929
642
21080
7956
7059
30638
16774
4276
1907
30477
27309
20153
4927
11101
19166
10745
13375
15702
3658
27382
27076
25749
11619
2667
25450
1241
25918
22565
23705
11121
3900
1044
20818
245
7145
15778
28712
821
13604
23875
28044
7023
19329
19534
7246
25797
4843
7947
28513
14061
12942
5389
18655
18731
11252
29634
14924
380
15725
28488
6687
17428
17333
5506
4734
22283
24273
28524
3402
11860
24122
19627
8539
13294
14397
28009
25869
24670
4258
32351
18939
14172
4748
6963
26122
31949
8608
19205
19882
13809
9833
11077
25432
19166
31227
15559
16487
23597
13527
1817
6913
8435
25871
1556
19817
24819
28587
5553
25218
24337
8522
20510
19349
18442
12813
4625
9039
31075
16560
6493
8713
13471
2298
29123
10061
4789
22872
9226
31893
19393
3013
23377
13653
9978
1516
29861
20540
9956
1169
11471
32183
17863
13869
24687
12216
22111
26840
4687
22197
23765
20332
11249
28659
29678
8680
11370
18692
4739
7442
14707
7311
17713
9569
18110
27727
12369
4377
18310
15454
28202
23992
7786
5044
7526
21649
16251
26090
13251
25271
14484
19012
26891
10268
5098
9199
20038
506
18659
8071
25902
5234
12076
10717
19427
6004
10246
17398
20704
27358
29152
22615
814
13800
23083
30079
4823
5567
16746
4534
5534
8048
9608
15365
1005
14600
9839
24198
527
3577
14550
30174
18847
8896
31578
25095
18241
19397
25041
13395
16528
2947
10971
7853
5719
7144
21433
26658
30467
9983
32355
2721
5464
29388
32212
24063
14180
1144
31913
29758
12721
32430
29162
2831
8895
16196
22568
13973
689
30
23240
10604
23367
32591
28062
15850
15372
29314
702
9381
16081
18841
21134
23605
12377
1171
27168
22075
12630
8371
29631
28066
25492
24798
28104
4644
30581
30022
17340
19728
11677
17989
32146
843
8430
26251
31058
6293
27831
28796
25311
22542
808
21204
24084
17913
18442
20621
5907
16063
17325
14338
11482
1847
545
5460
10776
12836
29352
25613
62
32512
23404
1027
14552
5624
13678
30080
20766
17719
1215
8351
29638
9063
242
11257
1309
15221
8657
9857
13654
9621
25679
2221
3362
12679
23486
20695
10369
1560
25410
16098
5079
23019
902
29472
32578
10617
24749
29811
15403
3671
17548
25011
14619
7096
6422
21072
28624
25650
26391
10809
31121
3269
11558
25852
15806
4377
8916
7214
28331
7431
15402
19725
18606
8027
339
8548
18295
31192
3733
16303
17824
29309
20614
26240
14981
18951
20604
22305
2646
7095
9541
21371
7275
27221
23576
13110
11223
32373
28108
21538
1599
31225
5192
27094
11501
17623
5179
28823
3104
14109
20237
18299
15526
9266
12565
13773
941
11102
20492
24500
1239
29068
19905
28176
23180
10319
21263
28069
2196
1572
14092
10619
31973
5111
9860
1156
4793
29672
24486
5760
19428
1358
22012
4126
13413
2556
21153
10852
9275
12484
25774
9552
21370
10554
13813
6592
29853
9402
6130
8847
18718
26797
23806
8449
25668
22023
20934
8289
4157
2580
27388
7400
2412
31861
31564
12769
1028
15974
1426
29451
12246
16194
32586
30015
11879
14920
5959
19026
12102
12703
21673
29757
9884
6808
8713
4987
20997
7988
6390
21683
32670
6374
8613
24983
19296
10393
15076
22796
18092
4085
32336
4747
15910
12254
13512
12487
4551
20542
3873
18320
21294
5381
22299
6391
7735
17518
11412
11699
24527
17027
8956
19651
32519
26083
21257
5717
7271
2499
13484
17895
23428
307
21827
24492
27348
20386
15888
19761
15810
19109
7914
11584
11518
2292
4402
23301
28951
17077
1801
28783
11083
1790
15040
18393
28830
27285
12944
16618
2857
5114
11404
19641
26037
18599
1747
1333
21896
24470
30730
21445
13951
15620
11274
27435
3421
15221
6357
6318
9315
9720
8143
12408
22049
10156
20267
6461
31371
21635
22435
15133
10831
12102
2668
21964
19558
20697
29545
496
8681
5313
25503
25034
17447
28387
32745
17689
18676
20110
10220
17467
324
12988
18766
5782
1528
21397
29475
10294
1783
1333
15784
12983
4225
14255
23092
23910
15040
14418
24427
10403
30624
6187
9653
10378
29409
23498
18415
21202
14443
22601
7264
25588
5345
24971
14830
8080
25720
11714
23953
28685
17418
4660
17417
10625
22630
32062
19404
29648
8171
20889
29507
8215
597
1756
1845
27979
4822
13122
5508
29
14441
25262
30743
4641
12387
24300
3095
7216
8010
19770
26974
11
9195
17671
11820
30016
8359
17402
13084
15698
12046
9014
15191
25364
29103
29149
29960
2390
14381
22738
24080
3267
10646
27588
24826
32010
26865
2920
15921
12604
26646
15621
5488
31605
23747
6966
9083
16319
3051
17388
2061
29235
24401
26546
10257
16482
31062
24117
20
27123
15119
25603
31483
3213
28827
26003
8433
26359
6068
31622
12964
22397
29827
31788
1201
6550
26809
17994
12124
1733
16603
10522
26245
24253
27613
3476
3544
23240
20723
17644
23875
4201
14244
8284
10669
26432
30240
13859
9701
9775
22995
30670
12248
23483
32314
32182
32264
9653
1526
11210
16697
7193
27167
5006
3693
25398
21466
14180
9491
10511
13358
4875
25980
4610
3603
3429
2958
22695
9932
14205
444
9467
4215
31944
24630
24254
17123
10411
27740
32537
13985
25918
11385
9604
13918
5968
25518
29671
23152
15275
2604
30207
25262
10648
5542
6148
25221
24230
9735
28809
29512
14248
27232
24995
24776
15101
21028
21837
1061
22548
24215
6411
16611
16430
10372
7374
22592
15462
28206
6424
1733
9455
15754
24672
8220
23966
3755
24504
7457
31656
25214
4781
20539
30892
14775
28271
13293
5876
30731
2098
1960
23288
1952
31443
12004
15907
20674
20415
1647
32474
22999
28433
9220
12731
9109
23290
13343
30754
5490
14950
27152
32754
3676
30428
13902
12434
28075
29094
14095
10549
10324
5171
5909
29791
15967
16313
20171
5285
9371
24606
31632
20148
30352
9753
16723
21652
1205
11413
27232
13870
4835
3414
14713
15116
23306
10462
8745
2401
10275
9618
23381
15945
7525
27161
20
23377
32188
5893
12993
11578
1911
17333
30286
4090
14400
633
12762
13316
3410
28664
4742
18633
5094
20943
16261
12415
24046
2171
5235
8481
12038
22649
21992
22199
30120
20139
5196
15063
25759
17406
12525
9580
16574
17482
14670
6838
14033
23674
3267
10898
19924
5100
58
21756
18787
5403
29788
6098
4210
18811
4565
2522
27710
27812
8175
9991
13187
23219
10598
12792
13808
7661
25464
20162
31704
32678
2875
15087
11818
8290
11571
18119
15011
23353
2852
29646
2114
30848
5157
23693
20477
29605
8950
18837
28082
22619
30355
6082
15712
31479
6409
21437
22679
4122
10377
11972
18477
26513
14011
12462
32307
20089
12884
19241
11303
23719
3819
12871
18795
12615
7945
7737
24054
25282
21631
23130
25930
9702
23292
17775
23974
28737
16606
10028
22396
6605
8777
32507
6437
16851
2678
12282
10964
31497
32590
11842
24265
765
27448
4463
10695
2231
22831
12381
24519
18074
14103
10799
10478
29580
4689
150
17085
20311
653
10064
24968
20046
14047
11502
17961
10291
22806
24795
23541
20056
15177
6810
29423
3333
946
1615
27196
23578
19135
6785
24279
8949
24423
6942
12934
29590
9659
19903
32525
257
17341
17198
18849
21732
4212
23078
2719
2170
31040
24409
23934
1199
20844
28343
27907
3461
16386
31214
28595
7350
16355
6189
18574
20379
26134
814
8186
27724
25185
25971
2302
16905
28182
24016
1712
26841
7472
23593
1521
9328
17822
15229
8023
28246
28895
15651
13675
27462
3023
18772
17173
20437
18625
6378
28244
30804
26573
11367
13106
14326
22892
13369
15096
9014
28482
20029
13214
22899
3898
15489
15237
4573
7384
31054
13673
28565
3275
19558
6289
24848
22210
17802
4424
3773
14721
16447
1425
7399
1332
21714
21015
17628
24579
23194
21347
2383
14566
24445
3921
2555
23739
14517
4805
14985
24982
4308
22426
180
23640
5894
18139
32171
5251
13207
11062
1718
10828
26037
10157
4381
25330
11894
1679
5446
3919
11549
29863
11549
16557
20633
31923
29112
16346
16974
22296
23612
31359
28184
25043
11770
23213
19341
21683
9182
15545
19587
1477
30986
30538
5331
21008
31934
10672
