1
2
8
9
11
18
19
20
20
23
23
29
29
30
43
53
56
56
58
59
62
67
78
78
87
91
92
93
109
113
115
117
123
124
126
129
130
134
136
136
137
141
142
150
157
168
168
172
179
180
188
190
203
206
212
218
221
222
229
232
237
241
242
245
245
246
248
248
249
254
257
260
267
269
269
276
286
286
290
294
301
305
307
311
312
320
324
327
329
330
332
339
341
341
341
352
355
362
364
365
369
379
380
381
386
389
396
401
410
415
419
422
430
436
439
441
444
444
447
447
452
460
461
462
463
464
471
471
472
473
476
480
482
483
483
489
491
496
499
504
506
508
513
518
521
522
523
523
526
527
530
533
537
541
545
545
547
547
548
548
551
555
556
556
557
560
574
579
581
584
586
590
591
593
597
602
606
611
618
619
624
624
625
629
629
633
634
639
640
642
648
650
651
652
653
655
655
655
656
663
666
667
678
680
681
685
685
689
690
693
694
702
703
712
714
722
725
726
731
731
742
746
752
759
765
766
787
791
792
794
798
805
808
811
813
814
814
821
821
822
827
833
834
836
837
839
841
841
843
845
856
861
864
866
876
878
879
880
880
884
890
896
897
899
902
913
913
925
928
938
939
941
945
945
946
957
961
969
970
973
975
975
982
989
990
990
991
994
994
998
1001
1005
1007
1010
1014
1021
1024
1025
1026
1027
1027
1028
1028
1029
1030
1037
1039
1042
1042
1044
1048
1049
1058
1058
1061
1069
1071
1075
1076
1078
1080
1081
1087
1089
1098
1111
1114
1115
1124
1127
1128
1136
1139
1140
1143
1144
1145
1146
1156
1163
1163
1167
1169
1169
1171
1175
1179
1180
1185
1187
1190
1190
1191
1194
1199
1201
1203
1204
1205
1205
1206
1210
1212
1215
1218
1221
1221
1231
1232
1232
1233
1233
1239
1241
1245
1254
1261
1263
1269
1272
1273
1273
1283
1288
1290
1292
1295
1297
1302
1304
1306
1306
1306
1309
1309
1311
1315
1315
1320
1320
1321
1322
1332
1333
1333
1339
1339
1346
1346
1347
1355
1358
1360
1363
1371
1372
1376
1379
1388
1391
1391
1401
1410
1413
1423
1425
1426
1426
1429
1437
1447
1447
1456
1458
1468
1471
1472
1472
1475
1476
1477
1478
1479
1486
1488
1488
1489
1494
1496
1497
1499
1506
1507
1508
1516
1521
1523
1526
1527
1528
1540
1540
1546
1551
1551
1556
1560
1562
1565
1566
1567
1572
1580
1583
1584
1585
1589
1591
1591
1598
1599
1600
1601
1604
1604
1612
1614
1615
1618
1624
1625
1628
1628
1629
1632
1632
1634
1642
1643
1645
1646
1647
1651
1659
1660
1661
1663
1664
1665
1666
1669
1669
1670
1670
1671
1679
1682
1684
1686
1687
1691
1711
1712
1714
1716
1717
1718
1722
1724
1730
1731
1733
1733
1734
1737
1737
1738
1740
1745
1746
1747
1748
1752
1756
1756
1756
1757
1758
1761
1767
1767
1769
1771
1772
1773
1775
1777
1778
1783
1785
1790
1790
1791
1792
1801
1801
1805
1805
1806
1807
1814
1816
1817
1821
1821
1823
1827
1828
1829
1835
1835
1845
1846
1847
1850
1852
1854
1856
1857
1857
1866
1869
1870
1877
1878
1879
1884
1891
1894
1894
1895
1896
1902
1907
1911
1913
1913
1917
1919
1919
1922
1927
1927
1932
1934
1936
1937
1941
1941
1947
1952
1956
1958
1959
1960
1963
1966
1968
1970
1974
1981
1984
1984
1985
1985
1994
1995
1996
1996
1997
2001
2003
2006
2007
2007
2009
2012
2012
2013
2025
2031
2041
2043
2043
2045
2047
2047
2049
2054
2055
2055
2061
2061
2071
2076
2087
2095
2098
2108
2111
2113
2114
2121
2125
2128
2129
2130
2133
2141
2144
2149
2156
2159
2168
2168
2169
2170
2170
2171
2177
2178
2178
2180
2182
2188
2189
2190
2190
2190
2190
2191
2192
2193
2194
2196
2196
2201
2210
2221
2223
2224
2225
2231
2233
2241
2243
2245
2251
2264
2267
2278
2282
2288
2289
2291
2291
2292
2294
2298
2302
2308
2309
2309
2315
2317
2319
2324
2331
2338
2339
2341
2343
2348
2349
2373
2381
2383
2385
2385
2390
2390
2392
2394
2394
2401
2406
2409
2410
2412
2412
2412
2414
2417
2428
2428
2431
2433
2439
2440
2441
2443
2450
2452
2455
2459
2470
2482
2493
2495
2499
2500
2503
2504
2505
2506
2508
2511
2515
2516
2517
2522
2524
2527
2543
2545
2546
2546
2547
2547
2550
2555
2556
2559
2566
2566
2569
2569
2577
2580
2583
2591
2595
2597
2600
2604
2604
2608
2612
2613
2613
2619
2619
2628
2630
2639
2646
2649
2652
2655
2655
2667
2668
2678
2680
2685
2691
2701
2709
2718
2719
2721
2721
2722
2723
2724
2726
2729
2730
2740
2741
2741
2745
2747
2758
2758
2760
2761
2765
2766
2775
2777
2786
2787
2790
2791
2804
2805
2807
2812
2831
2831
2833
2846
2852
2854
2857
2865
2869
2869
2869
2870
2875
2877
2893
2893
2899
2902
2910
2913
2915
2920
2925
2925
2933
2937
2943
2946
2947
2947
2948
2952
2956
2957
2958
2961
2963
2966
2966
2967
2969
2979
2979
2980
2984
2990
2998
3003
3004
3005
3006
3009
3013
3013
3017
3022
3022
3023
3023
3044
3049
3051
3051
3052
3052
3061
3062
3063
3068
3072
3077
3079
3088
3094
3095
3099
3104
3105
3107
3109
3110
3110
3112
3112
3114
3121
3122
3125
3126
3127
3127
3129
3135
3138
3143
3143
3144
3145
3151
3157
3162
3164
3167
3170
3172
3175
3177
3181
3181
3182
3187
3190
3205
3207
3208
3213
3222
3231
3233
3235
3236
3241
3242
3243
3244
3247
3247
3255
3257
3258
3260
3262
3267
3267
3269
3269
3275
3276
3281
3283
3285
3286
3289
3294
3294
3295
3298
3299
3302
3307
3307
3309
3316
3316
3319
3321
3327
3332
3333
3335
3337
3341
3344
3346
3349
3362
3366
3368
3369
3370
3371
3372
3373
3374
3375
3379
3381
3386
3386
3391
3391
3394
3397
3397
3399
3402
3410
3414
3414
3415
3421
3422
3423
3424
3424
3427
3429
3430
3431
3433
3433
3435
3436
3438
3448
3448
3456
3458
3461
3461
3466
3466
3468
3472
3476
3478
3481
3490
3491
3492
3494
3496
3502
3504
3508
3511
3512
3515
3521
3523
3537
3540
3542
3543
3543
3544
3544
3544
3562
3563
3566
3566
3569
3570
3577
3577
3591
3596
3596
3601
3602
3603
3610
3613
3615
3618
3622
3623
3626
3627
3629
3638
3643
3645
3646
3647
3658
3662
3669
3671
3676
3681
3681
3682
3686
3692
3693
3694
3711
3711
3714
3726
3729
3733
3736
3740
3745
3749
3755
3759
3760
3764
3764
3768
3771
3773
3779
3782
3785
3793
3793
3797
3804
3811
3811
3817
3819
3822
3824
3826
3830
3832
3839
3841
3844
3845
3848
3854
3854
3858
3861
3868
3869
3873
3878
3879
3884
3885
3892
3894
3898
3900
3907
3913
3915
3916
3919
3919
3920
3921
3926
3929
3929
3931
3933
3942
3951
3952
3954
3956
3960
3962
3967
3968
3972
3973
3974
3974
3984
3984
3986
3988
4001
4004
4006
4009
4012
4014
4017
4018
4021
4022
4023
4030
4034
4035
4039
4040
4044
4046
4059
4063
4068
4074
4076
4077
4081
4085
4087
4090
4092
4092
4098
4119
4122
4123
4126
4127
4132
4137
4138
4139
4148
4150
4151
4152
4155
4155
4155
4157
4158
4159
4167
4168
4171
4171
4172
4174
4175
4179
4181
4185
4188
4188
4193
4198
4200
4201
4203
4207
4210
4211
4212
4215
4219
4220
4223
4225
4226
4228
4229
4230
4234
4246
4247
4252
4253
4258
4259
4261
4262
4266
4267
4270
4272
4272
4273
4276
4280
4295
4295
4302
4305
4308
4308
4308
4312
4314
4316
4317
4322
4331
4334
4337
4337
4338
4338
4343
4350
4350
4356
4361
4363
4366
4367
4373
4376
4377
4377
4377
4378
4381
4382
4383
4393
4394
4398
4401
4402
4406
4409
4411
4412
4413
4416
4423
4424
4432
4433
4440
4440
4447
4448
4449
4453
4459
4460
4463
4463
4465
4466
4469
4471
4472
4474
4476
4476
4478
4498
4504
4507
4508
4510
4512
4516
4519
4521
4524
4525
4526
4527
4527
4530
4531
4533
4534
4537
4538
4545
4551
4551
4554
4555
4560
4560
4564
4565
4566
4573
4578
4584
4591
4591
4592
4598
4610
4615
4619
4620
4622
4625
4630
4634
4634
4635
4638
4641
4644
4647
4652
4653
4654
4660
4667
4668
4678
4679
4680
4686
4687
4689
4693
4695
4703
4704
4707
4708
4709
4714
4717
4734
4734
4738
4739
4742
4742
4747
4748
4757
4761
4774
4778
4780
4781
4786
4788
4788
4789
4790
4793
4793
4804
4805
4805
4805
4806
4808
4815
4816
4816
4822
4822
4823
4823
4823
4832
4835
4837
4839
4840
4843
4843
4844
4849
4850
4851
4852
4852
4855
4857
4868
4871
4872
4875
4875
4877
4880
4884
4887
4892
4909
4910
4910
4912
4913
4919
4920
4921
4925
4926
4927
4931
4948
4950
4950
4954
4958
4985
4986
4987
4991
4999
5000
5003
5004
5006
5010
5013
5016
5018
5018
5020
5026
5029
5029
5030
5030
5032
5034
5035
5040
5041
5042
5044
5045
5049
5051
5052
5062
5066
5069
5075
5076
5079
5083
5083
5084
5085
5088
5089
5092
5094
5096
5097
5098
5098
5100
5109
5111
5114
5119
5119
5121
5131
5133
5134
5141
5152
5157
5158
5159
5163
5164
5171
5171
5172
5178
5178
5179
5186
5187
5192
5196
5196
5196
5198
5204
5210
5213
5216
5217
5218
5219
5223
5224
5228
5229
5234
5235
5236
5245
5251
5254
5257
5258
5259
5281
5285
5286
5290
5292
5298
5300
5303
5306
5308
5313
5323
5324
5328
5331
5337
5340
5340
5344
5344
5344
5344
5345
5354
5360
5363
5368
5369
5371
5372
5373
5377
5381
5382
5383
5387
5388
5389
5390
5392
5393
5394
5398
5400
5403
5403
5404
5412
5412
5417
5418
5419
5436
5446
5446
5448
5450
5451
5452
5459
5460
5461
5464
5471
5472
5473
5480
5480
5482
5486
5487
5488
5489
5490
5491
5493
5505
5506
5508
5510
5517
5534
5535
5535
5536
5541
5542
5544
5544
5549
5549
5550
5551
5551
5553
5553
5555
5558
5558
5567
5568
5568
5573
5577
5578
5578
5580
5583
5589
5595
5599
5603
5607
5607
5609
5610
5620
5624
5624
5625
5629
5636
5639
5644
5644
5654
5654
5659
5662
5662
5663
5670
5670
5681
5681
5686
5687
5688
5696
5700
5701
5708
5709
5710
5712
5715
5716
5717
5717
5719
5721
5722
5722
5735
5736
5736
5743
5745
5745
5752
5760
5763
5768
5770
5781
5782
5782
5783
5784
5796
5802
5818
5819
5821
5825
5828
5834
5839
5841
5849
5850
5851
5854
5856
5860
5870
5873
5874
5876
5879
5888
5891
5893
5894
5902
5902
5907
5909
5917
5918
5926
5930
5931
5933
5939
5939
5940
5941
5942
5942
5949
5950
5952
5953
5954
5957
5959
5959
5959
5960
5962
5965
5968
5970
5981
5983
5987
5991
5999
6004
6006
6009
6010
6013
6015
6023
6029
6030
6031
6034
6036
6036
6042
6045
6047
6049
6053
6063
6065
6068
6069
6073
6076
6080
6082
6085
6086
6090
6094
6098
6103
6110
6110
6118
6125
6127
6127
6130
6135
6139
6148
6153
6154
6156
6157
6158
6159
6161
6163
6163
6164
6166
6169
6173
6176
6182
6185
6187
6189
6191
6192
6211
6217
6218
6218
6222
6222
6226
6237
6241
6250
6252
6254
6266
6269
6273
6276
6283
6284
6289
6293
6297
6298
6299
6301
6303
6306
6307
6309
6311
6314
6315
6318
6323
6328
6328
6329
6331
6335
6347
6348
6349
6350
6353
6357
6360
6365
6365
6372
6374
6377
6378
6378
6378
6378
6379
6383
6384
6387
6387
6389
6390
6391
6391
6392
6395
6398
6402
6402
6402
6402
6403
6404
6409
6409
6411
6411
6419
6422
6424
6426
6427
6427
6429
6430
6432
6436
6437
6437
6438
6447
6450
6451
6461
6461
6464
6466
6467
6467
6470
6476
6476
6478
6481
6483
6484
6485
6493
6495
6495
6496
6504
6509
6511
6513
6515
6519
6529
6537
6538
6540
6541
6542
6546
6550
6554
6558
6559
6562
6568
6572
6573
6581
6587
6591
6591
6591
6592
6592
6596
6604
6605
6613
6614
6618
6618
6620
6622
6624
6624
6627
6627
6634
6638
6644
6645
6652
6658
6659
6662
6666
6666
6671
6674
6677
6679
6681
6686
6687
6690
6690
6700
6706
6710
6717
6718
6729
6729
6730
6730
6732
6735
6736
6741
6744
6746
6747
6747
6753
6753
6754
6755
6756
6765
6766
6766
6776
6783
6785
6786
6786
6788
6788
6789
6795
6798
6800
6807
6808
6810
6811
6818
6838
6838
6852
6855
6861
6866
6876
6880
6883
6885
6887
6892
6895
6897
6905
6907
6913
6913
6916
6917
6918
6918
6922
6932
6933
6938
6942
6954
6954
6963
6966
6971
6987
6989
6995
6999
7002
7005
7013
7013
7018
7018
7020
7021
7023
7025
7038
7040
7044
7048
7055
7059
7060
7060
7061
7063
7063
7063
7065
7065
7067
7070
7072
7073
7073
7077
7078
7082
7086
7087
7088
7091
7095
7096
7097
7104
7107
7107
7111
7116
7118
7120
7125
7126
7127
7127
7131
7137
7138
7141
7141
7144
7145
7146
7146
7150
7151
7159
7161
7167
7173
7176
7176
7176
7184
7188
7189
7189
7193
7196
7196
7200
7201
7202
7205
7211
7214
7216
7216
7218
7235
7237
7240
7246
7250
7256
7264
7270
7271
7271
7275
7275
7295
7295
7298
7304
7306
7311
7320
7324
7339
7339
7342
7348
7350
7351
7351
7353
7354
7356
7357
7374
7374
7377
7379
7382
7384
7390
7390
7394
7397
7399
7399
7399
7400
7400
7417
7418
7418
7419
7427
7427
7429
7431
7432
7433
7438
7442
7444
7457
7459
7461
7465
7472
7474
7482
7489
7501
7503
7503
7504
7508
7510
7516
7525
7526
7526
7534
7536
7546
7553
7555
7560
7563
7564
7567
7571
7573
7577
7584
7596
7596
7603
7604
7610
7614
7616
7625
7628
7637
7646
7647
7649
7657
7659
7661
7662
7663
7664
7664
7666
7666
7670
7680
7683
7692
7697
7702
7709
7716
7720
7720
7726
7727
7730
7735
7737
7754
7757
7762
7766
7767
7769
7773
7773
7774
7778
7786
7790
7791
7798
7804
7813
7820
7841
7845
7853
7858
7866
7868
7873
7878
7887
7888
7889
7890
7890
7890
7894
7901
7908
7913
7914
7915
7922
7923
7924
7924
7930
7933
7937
7939
7939
7943
7943
7945
7945
7947
7949
7950
7953
7956
7959
7960
7967
7967
7968
7969
7969
7969
7970
7988
7989
7991
8003
8004
8008
8010
8010
8013
8023
8026
8026
8027
8030
8032
8034
8041
8041
8048
8060
8064
8068
8070
8071
8071
8073
8074
8075
8080
8080
8083
8083
8089
8093
8098
8099
8100
8102
8106
8107
8111
8118
8125
8129
8132
8143
8148
8148
8153
8154
8155
8158
8159
8160
8160
8163
8165
8171
8175
8175
8177
8180
8186
8186
8192
8211
8215
8220
8220
8222
8222
8222
8224
8227
8229
8236
8236
8240
8242
8246
8250
8252
8257
8265
8271
8281
8284
8289
8290
8291
8295
8304
8306
8309
8314
8323
8327
8337
8338
8343
8343
8349
8351
8353
8355
8359
8362
8362
8366
8371
8377
8379
8383
8398
8403
8407
8409
8409
8411
8419
8422
8427
8427
8428
8428
8430
8433
8435
8435
8440
8442
8449
8455
8459
8459
8461
8462
8468
8469
8470
8471
8477
8481
8483
8488
8490
8496
8501
8502
8503
8507
8508
8512
8514
8521
8521
8522
8527
8528
8535
8537
8539
8543
8547
8548
8551
8551
8555
8560
8564
8569
8574
8580
8587
8587
8591
8595
8596
8601
8608
8608
8612
8613
8613
8618
8618
8619
8620
8621
8625
8625
8626
8626
8626
8627
8631
8634
8637
8638
8643
8643
8649
8649
8657
8658
8659
8660
8664
8668
8668
8670
8672
8679
8680
8681
8681
8682
8683
8683
8701
8704
8705
8705
8706
8709
8713
8713
8715
8719
8720
8738
8745
8752
8756
8757
8758
8760
8762
8762
8763
8765
8777
8782
8787
8789
8794
8795
8796
8798
8800
8802
8803
8811
8812
8812
8822
8828
8844
8847
8852
8853
8858
8864
8869
8872
8878
8879
8885
8886
8888
8892
8895
8896
8898
8899
8901
8902
8907
8909
8910
8910
8911
8915
8916
8916
8928
8929
8931
8933
8934
8937
8938
8940
8942
8949
8949
8950
8951
8954
8955
8955
8956
8964
8967
8968
8976
8978
8999
9000
9001
9005
9010
9010
9010
9011
9011
9012
9014
9014
9015
9020
9027
9028
9033
9034
9039
9046
9048
9049
9059
9059
9063
9071
9082
9083
9087
9088
9096
9105
9109
9110
9116
9118
9118
9120
9122
9123
9129
9131
9133
9136
9137
9156
9170
9179
9182
9195
9197
9199
9202
9204
9214
9220
9224
9226
9228
9229
9233
9233
9236
9244
9245
9247
9248
9251
9251
9257
9264
9265
9266
9272
9275
9277
9282
9284
9287
9288
9289
9291
9291
9298
9298
9315
9322
9328
9332
9334
9335
9340
9341
9342
9347
9350
9354
9364
9365
9366
9368
9370
9371
9371
9371
9380
9381
9381
9385
9385
9386
9390
9395
9397
9399
9402
9402
9406
9409
9411
9412
9415
9418
9418
9424
9432
9433
9436
9445
9450
9450
9455
9455
9457
9459
9467
9477
9485
9487
9487
9491
9493
9495
9501
9504
9511
9514
9517
9517
9517
9518
9532
9534
9534
9537
9539
9541
9544
9549
9552
9557
9563
9566
9567
9568
9568
9569
9569
9579
9580
9583
9589
9594
9598
9604
9604
9608
9612
9617
9618
9620
9621
9626
9628
9629
9630
9636
9644
9653
9653
9659
9660
9662
9663
9669
9670
9673
9683
9684
9687
9689
9691
9693
9694
9695
9698
9701
9702
9710
9720
9729
9733
9733
9735
9735
9737
9746
9753
9757
9762
9774
9775
9775
9775
9783
9798
9799
9802
9804
9808
9810
9812
9821
9826
9827
9828
9833
9835
9839
9844
9850
9851
9851
9852
9857
9860
9861
9863
9873
9873
9884
9889
9891
9895
9897
9908
9916
9919
9921
9923
9924
9925
9932
9945
9945
9947
9951
9952
9956
9958
9961
9963
9965
9970
9970
9970
9970
9977
9978
9981
9983
9983
9986
9991
9991
9996
9998
9999
10005
10009
10014
10022
10023
10028
10028
10029
10029
10029
10030
10032
10036
10046
10049
10050
10061
10061
10064
10067
10067
10073
10074
10077
10078
10078
10080
10081
10082
10084
10088
10090
10093
10095
10099
10100
10114
10119
10120
10122
10129
10130
10139
10144
10150
10156
10157
10157
10167
10172
10173
10173
10175
10177
10178
10185
10188
10188
10207
10210
10220
10220
10225
10233
10233
10236
10243
10246
10257
10262
10266
10268
10269
10269
10271
10273
10275
10287
10289
10291
10294
10301
10304
10305
10307
10316
10316
10319
10319
10319
10324
10326
10327
10330
10342
10344
10349
10350
10353
10359
10366
10369
10369
10369
10372
10376
10377
10378
10378
10381
10385
10390
10393
10396
10398
10398
10403
10406
10410
10411
10412
10419
10425
10427
10432
10432
10449
10456
10458
10459
10462
10467
10468
10469
10470
10471
10472
10477
10478
10480
10481
10481
10483
10485
10488
10493
10495
10501
10502
10511
10515
10520
10522
10525
10526
10529
10533
10541
10549
10551
10551
10554
10556
10559
10561
10562
10562
10562
10568
10574
10575
10580
10583
10585
10585
10586
10586
10589
10589
10591
10592
10593
10593
10598
10602
10604
10611
10612
10614
10615
10615
10617
10619
10619
10621
10623
10624
10625
10628
10630
10637
10637
10642
10644
10646
10648
10648
10657
10663
10663
10666
10667
10669
10670
10672
10676
10686
10688
10689
10690
10695
10695
10704
10706
10716
10717
10722
10725
10735
10736
10736
10745
10756
10759
10760
10761
10766
10766
10776
10778
10783
10784
10788
10790
10790
10794
10799
10804
10809
10809
10810
10811
10815
10820
10823
10823
10824
10825
10827
10828
10831
10834
10835
10836
10837
10839
10842
10843
10844
10845
10847
10848
10848
10850
10852
10861
10862
10862
10868
10868
10870
10872
10877
10881
10885
10891
10896
10898
10898
10900
10905
10905
10906
10910
10917
10919
10920
10929
10932
10932
10935
10936
10941
10941
10941
10946
10952
10953
10962
10964
10967
10971
10972
10976
10982
10982
10984
10987
10987
10994
11001
11002
11008
11008
11014
11016
11021
11026
11029
11035
11036
11039
11042
11046
11051
11060
11062
11063
11067
11075
11077
11077
11079
11083
11086
11086
11088
11092
11093
11097
11101
11101
11101
11102
11106
11108
11121
11133
11137
11139
11140
11144
11144
11146
11147
11148
11153
11156
11157
11161
11163
11163
11165
11169
11177
11184
11186
11187
11193
11194
11195
11195
11196
11197
11204
11207
11210
11210
11212
11215
11215
11219
11223
11226
11231
11231
11241
11244
11248
11249
11251
11252
11257
11258
11259
11261
11264
11269
11274
11274
11276
11277
11285
11291
11291
11294
11296
11303
11304
11315
11323
11325
11327
11337
11341
11343
11344
11353
11355
11355
11356
11362
11367
11368
11370
11380
11381
11383
11384
11385
11392
11396
11400
11400
11401
11402
11404
11405
11407
11412
11412
11413
11432
11439
11453
11454
11455
11464
11471
11477
11482
11486
11488
11489
11492
11496
11501
11502
11515
11517
11517
11518
11520
11527
11529
11531
11535
11535
11548
11549
11549
11552
11555
11558
11561
11565
11567
11571
11572
11577
11578
11584
11584
11586
11590
11594
11603
11606
11618
11618
11619
11625
11626
11628
11631
11632
11637
11639
11645
11649
11650
11659
11662
11662
11664
11664
11668
11668
11672
11675
11676
11677
11677
11679
11681
11687
11689
11690
11693
11695
11699
11701
11708
11709
11714
11727
11728
11731
11732
11742
11745
11747
11748
11749
11750
11750
11752
11755
11756
11756
11759
11763
11768
11769
11770
11776
11779
11779
11786
11786
11791
11792
11793
11795
11800
11805
11813
11813
11818
11820
11821
11828
11828
11829
11833
11835
11840
11842
11843
11848
11849
11851
11852
11856
11860
11865
11879
11881
11893
11893
11894
11895
11898
11901
11904
11904
11907
11911
11914
11918
11935
11937
11939
11946
11948
11950
11952
11952
11956
11962
11962
11963
11964
11964
11965
11972
11973
11973
11974
11975
11976
11977
11979
11984
11987
11987
11988
11993
11996
12000
12004
12007
12014
12018
12026
12030
12038
12039
12039
12044
12046
12046
12047
12053
12061
12065
12066
12074
12076
12079
12083
12084
12088
12092
12094
12099
12101
12101
12102
12102
12118
12119
12120
12123
12124
12124
12125
12129
12134
12135
12137
12140
12148
12150
12151
12161
12165
12168
12170
12170
12181
12181
12181
12183
12183
12186
12187
12192
12194
12200
12206
12207
12216
12218
12221
12222
12223
12230
12232
12236
12241
12246
12248
12248
12254
12254
12260
12270
12272
12273
12276
12277
12277
12279
12280
12282
12289
12289
12294
12300
12303
12311
12312
12313
12315
12316
12320
12326
12330
12332
12334
12337
12337
12342
12353
12354
12358
12364
12364
12368
12369
12370
12377
12380
12381
12381
12382
12387
12388
12389
12391
12395
12404
12405
12408
12413
12415
12415
12418
12418
12419
12421
12423
12427
12427
12428
12434
12435
12439
12449
12454
12459
12462
12470
12471
12477
12480
12484
12487
12488
12490
12491
12493
12494
12495
12496
12504
12509
12510
12511
12515
12516
12518
12525
12528
12534
12540
12542
12543
12543
12543
12549
12558
12565
12569
12570
12570
12572
12578
12587
12592
12594
12595
12596
12597
12604
12606
12608
12611
12615
12626
12626
12628
12630
12638
12645
12648
12649
12652
12654
12656
12657
12661
12664
12666
12668
12670
12676
12679
12679
12679
12680
12684
12691
12697
12703
12704
12705
12708
12715
12718
12719
12721
12721
12723
12723
12724
12727
12731
12732
12736
12737
12742
12750
12752
12752
12754
12759
12761
12761
12762
12769
12774
12777
12779
12783
12783
12783
12785
12788
12789
12791
12792
12792
12798
12803
12803
12804
12805
12808
12813
12818
12819
12829
12832
12836
12837
12842
12850
12858
12858
12860
12867
12871
12874
12878
12880
12884
12884
12885
12887
12888
12891
12900
12902
12903
12913
12916
12922
12922
12927
12934
12934
12936
12938
12938
12942
12944
12944
12950
12953
12957
12958
12964
12976
12979
12981
12981
12983
12988
12992
12993
12993
13000
13001
13003
13006
13009
13009
13017
13028
13032
13040
13042
13043
13044
13055
13056
13061
13061
13064
13074
13074
13083
13084
13101
13101
13103
13106
13106
13110
13110
13114
13116
13119
13122
13126
13126
13127
13134
13135
13140
13142
13143
13144
13150
13151
13154
13156
13156
13158
13162
13167
13168
13171
13177
13184
13185
13187
13190
13193
13194
13206
13207
13207
13210
13212
13214
13219
13221
13225
13227
13235
13238
13239
13239
13241
13243
13246
13250
13251
13251
13251
13253
13255
13256
13260
13261
13266
13275
13282
13285
13293
13294
13294
13296
13297
13300
13301
13303
13304
13308
13309
13312
13312
13316
13317
13321
13323
13328
13343
13356
13358
13359
13362
13365
13369
13370
13372
13375
13376
13377
13378
13384
13389
13393
13395
13401
13403
13405
13408
13409
13413
13415
13420
13422
13424
13425
13427
13429
13431
13434
13437
13443
13447
13448
13453
13453
13460
13460
13470
13471
13478
13481
13484
13488
13492
13497
13502
13503
13505
13506
13507
13508
13512
13527
13530
13533
13536
13538
13544
13546
13551
13553
13558
13562
13565
13566
13567
13572
13573
13573
13577
13582
13585
13587
13596
13596
13598
13599
13600
13600
13604
13608
13609
13610
13615
13624
13625
13626
13628
13629
13631
13633
13636
13638
13638
13639
13641
13653
13653
13654
13656
13658
13663
13666
13670
13670
13672
13673
13673
13675
13678
13681
13682
13682
13689
13689
13691
13693
13695
13695
13697
13699
13700
13702
13702
13712
13714
13717
13718
13720
13726
13729
13732
13736
13740
13741
13753
13756
13760
13770
13771
13773
13777
13777
13778
13778
13792
13797
13800
13800
13807
13808
13809
13813
13814
13815
13817
13821
13823
13823
13827
13828
13836
13843
13847
13850
13853
13859
13861
13865
13869
13870
13880
13880
13882
13888
13893
13902
13902
13906
13918
13918
13923
13929
13941
13943
13943
13944
13949
13951
13952
13955
13967
13967
13973
13973
13974
13975
13985
13986
13989
13990
13992
13994
13995
13995
14000
14006
14008
14009
14010
14011
14012
14018
14026
14028
14028
14029
14033
14033
14035
14038
14039
14044
14045
14047
14048
14053
14059
14061
14061
14064
14065
14069
14070
14078
14082
14092
14095
14100
14103
14107
14109
14110
14114
14115
14117
14131
14134
14137
14139
14140
14142
14144
14159
14164
14166
14169
14169
14172
14176
14180
14180
14184
14185
14188
14195
14203
14205
14214
14216
14220
14222
14227
14231
14244
14248
14252
14255
14258
14266
14266
14266
14272
14274
14277
14280
14281
14286
14289
14289
14290
14299
14303
14305
14307
14310
14315
14315
14320
14322
14325
14326
14335
14335
14338
14338
14347
14359
14359
14362
14367
14367
14367
14372
14374
14379
14381
14387
14392
14394
14394
14394
14397
14400
14400
14402
14409
14413
14416
14418
14426
14432
14434
14435
14441
14443
14443
14448
14457
14465
14466
14466
14470
14470
14474
14478
14484
14484
14498
14500
14502
14503
14504
14509
14517
14517
14524
14528
14528
14531
14542
14550
14552
14552
14552
14561
14566
14566
14568
14577
14580
14583
14583
14585
14591
14593
14596
14597
14598
14600
14600
14603
14605
14607
14610
14614
14619
14620
14620
14621
14622
14622
14623
14626
14640
14640
14641
14651
14658
14660
14665
14670
14670
14672
14673
14690
14692
14698
14704
14707
14708
14711
14713
14714
14715
14719
14720
14721
14721
14722
14726
14726
14735
14741
14741
14746
14747
14748
14752
14753
14754
14759
14760
14765
14768
14775
14775
14777
14780
14783
14791
14793
14793
14795
14797
14797
14799
14805
14812
14815
14816
14822
14822
14830
14830
14835
14836
14843
14844
14866
14872
14876
14876
14882
14882
14888
14889
14891
14892
14906
14909
14919
14920
14923
14924
14927
14928
14931
14935
14936
14937
14939
14943
14944
14950
14961
14967
14975
14975
14981
14983
14985
14985
14985
14985
14988
14991
14995
14998
15011
15013
15014
15017
15018
15019
15020
15021
15026
15031
15032
15037
15038
15040
15040
15044
15045
15053
15053
15063
15064
15074
15076
15078
15084
15087
15087
15087
15088
15089
15090
15096
15097
15097
15101
15102
15104
15116
15116
15119
15125
15129
15133
15137
15139
15143
15148
15149
15151
15152
15156
15159
15170
15171
15177
15177
15177
15178
15190
15191
15192
15196
15196
15199
15207
15210
15210
15221
15221
15224
15228
15228
15229
15233
15237
15238
15244
15249
15252
15264
15264
15266
15267
15275
15280
15284
15285
15289
15292
15295
15300
15301
15306
15328
15329
15330
15349
15350
15353
15360
15360
15361
15365
15365
15369
15372
15374
15375
15377
15377
15380
15384
15384
15392
15393
15402
15403
15404
15405
15406
15407
15411
15426
15431
15434
15437
15446
15448
15449
15453
15454
15462
15463
15463
15464
15465
15469
15470
15471
15474
15474
15476
15480
15483
15483
15489
15490
15490
15491
15494
15495
15495
15499
15517
15524
15525
15526
15534
15536
15539
15545
15548
15548
15552
15556
15559
15559
15560
15560
15561
15564
15564
15568
15570
15572
15579
15581
15584
15594
15598
15598
15598
15599
15601
15601
15603
15604
15605
15615
15616
15616
15620
15621
15626
15629
15634
15637
15639
15645
15648
15650
15651
15651
15653
15668
15676
15684
15685
15688
15691
15694
15698
15702
15702
15702
15708
15711
15712
15715
15716
15720
15725
15736
15739
15749
15752
15753
15754
15761
15762
15762
15770
15778
15784
15793
15799
15800
15802
15805
15806
15807
15809
15809
15810
15821
15824
15825
15826
15834
15835
15835
15838
15846
15848
15850
15850
15853
15855
15862
15875
15876
15884
15887
15888
15888
15890
15890
15891
15895
15901
15905
15907
15908
15910
15910
15914
15918
15919
15921
15921
15924
15928
15931
15941
15943
15945
15945
15947
15949
15956
15964
15967
15967
15967
15969
15974
15975
15979
15981
15982
15982
15985
15990
15994
15998
16005
16007
16011
16012
16016
16018
16021
16026
16026
16043
16043
16045
16057
16058
16063
16063
16066
16067
16072
16079
16081
16082
16084
16085
16086
16095
16096
16098
16100
16112
16116
16116
16130
16134
16134
16139
16152
16153
16155
16155
16156
16159
16162
16177
16179
16181
16183
16190
16191
16194
16194
16194
16196
16197
16203
16207
16211
16212
16215
16220
16227
16231
16235
16236
16238
16239
16240
16242
16251
16261
16270
16272
16276
16277
16277
16278
16288
16290
16290
16294
16301
16303
16304
16313
16317
16319
16320
16320
16321
16322
16324
16326
16326
16330
16331
16331
16344
16346
16346
16350
16355
16369
16371
16371
16375
16376
16378
16379
16381
16382
16386
16386
16389
16390
16390
16397
16404
16405
16406
16409
16411
16413
16413
16419
16425
16430
16435
16438
16441
16447
16449
16453
16454
16458
16466
16467
16470
16472
16475
16479
16481
16482
16487
16491
16497
16502
16526
16528
16528
16530
16530
16531
16543
16553
16554
16555
16556
16556
16557
16560
16560
16568
16570
16572
16574
16576
16577
16581
16585
16587
16597
16599
16603
16605
16606
16607
16611
16614
16616
16618
16630
16640
16641
16644
16663
16667
16670
16673
16676
16678
16682
16683
16683
16685
16686
16688
16689
16692
16692
16697
16699
16702
16703
16706
16710
16714
16719
16721
16721
16722
16723
16733
16739
16746
16747
16748
16749
16754
16755
16774
16774
16779
16781
16784
16784
16788
16789
16792
16794
16802
16803
16808
16811
16822
16822
16823
16825
16826
16829
16834
16835
16838
16839
16843
16843
16844
16844
16846
16846
16851
16853
16855
16857
16862
16880
16881
16884
16889
16892
16892
16893
16896
16901
16905
16907
16910
16913
16922
16928
16931
16940
16945
16960
16961
16962
16966
16973
16973
16974
16975
16975
16977
16980
16981
16982
16985
16986
16989
16992
16995
16996
16997
17012
17014
17014
17015
17017
17020
17027
17028
17033
17034
17036
17050
17050
17056
17058
17058
17058
17060
17064
17067
17069
17070
17077
17078
17085
17086
17087
17088
17094
17095
17098
17103
17104
17109
17111
17123
17124
17125
17135
17137
17143
17146
17148
17150
17155
17163
17169
17173
17173
17175
17175
17180
17191
17191
17198
17202
17203
17204
17205
17210
17218
17221
17241
17244
17245
17252
17256
17261
17261
17265
17265
17270
17274
17276
17278
17278
17279
17281
17290
17296
17298
17302
17302
17302
17311
17312
17315
17320
17322
17325
17326
17331
17333
17333
17337
17339
17340
17341
17348
17354
17357
17358
17360
17360
17362
17364
17367
17372
17374
17375
17387
17388
17390
17396
17396
17398
17402
17403
17406
17407
17408
17411
17412
17414
17415
17417
17418
17422
17423
17428
17429
17432
17433
17434
17434
17436
17439
17442
17443
17447
17450
17455
17457
17458
17460
17460
17461
17467
17472
17478
17479
17480
17480
17480
17482
17488
17491
17494
17498
17501
17502
17506
17506
17510
17511
17515
17518
17521
17530
17536
17543
17545
17548
17548
17553
17554
17556
17556
17562
17562
17571
17586
17589
17590
17591
17599
17604
17619
17623
17623
17628
17630
17635
17635
17639
17643
17644
17648
17654
17655
17655
17657
17659
17667
17671
17673
17674
17678
17680
17689
17690
17692
17695
17695
17695
17697
17697
17698
17699
17701
17705
17711
17711
17713
17713
17715
17715
17715
17716
17716
17719
17724
17726
17727
17727
17732
17735
17737
17738
17739
17740
17759
17759
17761
17767
17772
17773
17774
17775
17776
17777
17779
17785
17786
17787
17790
17791
17792
17796
17800
17802
17808
17810
17815
17821
17822
17822
17824
17824
17824
17825
17827
17836
17845
17850
17857
17863
17869
17872
17883
17885
17887
17889
17895
17896
17898
17900
17902
17913
17913
17913
17917
17919
17919
17920
17928
17928
17930
17933
17940
17942
17944
17947
17956
17958
17959
17961
17965
17966
17966
17968
17970
17971
17971
17971
17972
17973
17980
17980
17981
17981
17985
17987
17989
17994
17994
17997
17998
18001
18005
18009
18013
18015
18020
18024
18025
18026
18029
18031
18034
18035
18039
18040
18046
18048
18053
18053
18059
18065
18067
18068
18074
18076
18076
18083
18087
18087
18090
18092
18097
18098
18099
18110
18117
18119
18127
18137
18137
18138
18139
18141
18156
18163
18171
18181
18186
18190
18192
18195
18206
18210
18214
18217
18223
18225
18234
18237
18238
18239
18241
18245
18261
18265
18272
18272
18274
18279
18279
18280
18285
18286
18295
18299
18301
18303
18304
18310
18313
18320
18330
18344
18346
18347
18350
18352
18358
18358
18360
18362
18363
18363
18370
18384
18388
18389
18389
18391
18393
18395
18399
18401
18402
18402
18403
18403
18405
18409
18415
18415
18417
18419
18424
18427
18429
18431
18433
18437
18441
18442
18442
18442
18443
18448
18449
18451
18467
18477
18478
18481
18482
18482
18495
18495
18498
18500
18503
18503
18503
18506
18508
18509
18511
18512
18513
18526
18526
18527
18532
18542
18552
18554
18555
18555
18557
18558
18559
18560
18566
18566
18574
18574
18576
18578
18578
18580
18587
18588
18594
18594
18598
18599
18603
18606
18611
18612
18615
18618
18623
18625
18625
18626
18629
18631
18632
18633
18634
18636
18637
18638
18640
18647
18648
18648
18649
18649
18651
18655
18656
18657
18659
18659
18669
18671
18676
18677
18680
18681
18682
18683
18684
18689
18692
18697
18699
18703
18706
18706
18708
18711
18714
18714
18718
18721
18721
18722
18726
18728
18731
18735
18736
18738
18738
18740
18753
18755
18756
18761
18761
18766
18767
18768
18769
18772
18776
18786
18787
18789
18792
18795
18799
18804
18807
18807
18810
18811
18811
18813
18829
18832
18832
18837
18841
18846
18846
18847
18849
18850
18852
18853
18855
18860
18865
18872
18873
18883
18885
18885
18889
18890
18904
18905
18917
18918
18919
18920
18929
18935
18939
18942
18942
18949
18950
18951
18954
18967
18975
18975
18978
18979
18982
18996
18996
18996
19003
19005
19009
19010
19011
19012
19014
19018
19018
19023
19025
19026
19043
19043
19047
19049
19049
19055
19058
19061
19068
19068
19074
19076
19081
19081
19083
19083
19097
19098
19098
19106
19108
19109
19110
19114
19115
19119
19122
19123
19125
19125
19128
19135
19141
19147
19151
19153
19155
19156
19160
19166
19166
19169
19170
19170
19170
19173
19174
19175
19180
19183
19185
19186
19190
19193
19193
19198
19205
19205
19209
19212
19212
19212
19216
19220
19220
19220
19223
19228
19231
19234
19238
19240
19240
19241
19242
19243
19245
19250
19254
19254
19258
19259
19259
19264
19266
19269
19269
19269
19279
19291
19296
19302
19303
19306
19317
19318
19320
19322
19323
19326
19327
19329
19337
19341
19344
19346
19346
19346
19348
19349
19353
19356
19356
19365
19371
19371
19375
19376
19377
19387
19393
19395
19397
19402
19404
19407
19409
19411
19413
19413
19424
19427
19428
19428
19429
19430
19431
19436
19439
19444
19446
19454
19459
19460
19462
19463
19463
19463
19467
19476
19479
19480
19482
19482
19484
19497
19499
19502
19502
19507
19510
19512
19530
19531
19534
19538
19539
19544
19550
19558
19558
19559
19559
19561
19563
19565
19568
19570
19570
19574
19574
19576
19576
19585
19585
19587
19595
19600
19604
19609
19611
19616
19617
19618
19627
19627
19631
19640
19641
19641
19642
19642
19644
19649
19651
19655
19659
19662
19666
19671
19679
19683
19686
19686
19686
19689
19694
19694
19700
19702
19704
19706
19708
19708
19712
19720
19722
19724
19725
19728
19729
19731
19732
19745
19745
19746
19746
19746
19749
19749
19750
19756
19761
19762
19766
19769
19770
19770
19771
19772
19773
19773
19775
19778
19778
19779
19784
19784
19784
19785
19791
19794
19797
19802
19802
19803
19803
19804
19805
19806
19817
19830
19834
19837
19838
19850
19851
19857
19861
19864
19870
19881
19882
19895
19897
19898
19899
19902
19903
19904
19905
19919
19920
19920
19921
19924
19924
19928
19936
19940
19941
19945
19966
19967
19967
19969
19970
19976
19984
19985
19986
19989
19989
19996
19997
20000
20004
20007
20017
20018
20029
20033
20034
20038
20038
20042
20044
20046
20047
20047
20052
20056
20068
20075
20075
20084
20089
20095
20096
20097
20100
20104
20107
20107
20110
20112
20115
20118
20118
20118
20122
20136
20139
20145
20148
20148
20150
20150
20152
20152
20153
20162
20167
20171
20173
20174
20179
20181
20185
20186
20188
20190
20195
20198
20199
20205
20207
20210
20212
20217
20218
20234
20235
20237
20256
20259
20260
20261
20263
20267
20279
20282
20292
20295
20298
20299
20301
20302
20302
20303
20305
20311
20311
20314
20315
20320
20321
20322
20323
20329
20330
20332
20339
20344
20348
20348
20355
20379
20386
20387
20388
20401
20404
20404
20404
20411
20412
20415
20426
20430
20437
20440
20443
20447
20450
20451
20454
20454
20456
20465
20465
20466
20469
20475
20475
20476
20477
20486
20492
20497
20498
20501
20503
20510
20525
20529
20529
20537
20539
20540
20542
20544
20544
20545
20548
20557
20571
20579
20582
20584
20594
20595
20595
20601
20604
20607
20610
20614
20617
20617
20619
20621
20623
20627
20629
20633
20638
20640
20641
20643
20644
20651
20653
20664
20664
20668
20672
20674
20674
20679
20685
20690
20691
20695
20697
20704
20704
20705
20707
20710
20711
20714
20717
20723
20736
20743
20744
20750
20758
20761
20763
20766
20767
20772
20777
20779
20779
20781
20781
20783
20784
20788
20791
20799
20805
20806
20815
20816
20818
20819
20821
20826
20832
20837
20844
20855
20855
20856
20857
20864
20879
20889
20889
20900
20902
20907
20908
20909
20920
20925
20927
20932
20934
20934
20936
20940
20943
20947
20947
20949
20952
20958
20959
20960
20963
20965
20968
20969
20969
20971
20971
20977
20982
20984
20986
20987
20995
20997
21004
21004
21005
21008
21010
21015
21016
21024
21028
21030
21040
21047
21051
21054
21061
21063
21066
21069
21072
21080
21082
21084
21085
21089
21090
21098
21098
21098
21100
21104
21110
21111
21112
21112
21119
21120
21124
21134
21140
21144
21151
21153
21155
21155
21157
21166
21174
21178
21181
21185
21188
21190
21191
21192
21197
21200
21202
21203
21204
21206
21209
21209
21213
21214
21215
21219
21228
21239
21241
21243
21248
21250
21252
21257
21258
21260
21260
21260
21263
21269
21270
21291
21292
21292
21294
21294
21305
21305
21311
21312
21319
21327
21327
21329
21332
21335
21336
21338
21344
21345
21346
21347
21347
21347
21355
21355
21360
21361
21367
21367
21368
21370
21371
21373
21374
21376
21377
21378
21383
21386
21387
21397
21407
21408
21414
21416
21417
21417
21423
21428
21433
21434
21437
21438
21439
21443
21443
21445
21447
21448
21450
21464
21464
21466
21473
21476
21476
21478
21478
21481
21483
21484
21492
21492
21493
21498
21498
21500
21506
21509
21509
21513
21514
21518
21518
21521
21524
21530
21531
21533
21533
21536
21538
21541
21542
21544
21546
21548
21550
21551
21554
21554
21556
21559
21562
21568
21580
21586
21586
21596
21597
21604
21609
21613
21626
21627
21631
21632
21635
21637
21641
21649
21649
21652
21653
21654
21656
21660
21661
21663
21665
21666
21667
21669
21669
21670
21673
21673
21675
21676
21683
21683
21686
21694
21699
21714
21716
21719
21720
21722
21722
21726
21729
21729
21732
21735
21735
21741
21741
21741
21743
21749
21750
21752
21754
21755
21755
21756
21764
21765
21767
21771
21771
21775
21785
21785
21801
21802
21812
21814
21817
21827
21827
21829
21831
21832
21836
21837
21842
21849
21849
21852
21853
21856
21856
21857
21858
21861
21868
21871
21873
21874
21874
21876
21887
21888
21893
21893
21896
21899
21902
21916
21921
21928
21942
21943
21943
21943
21944
21945
21946
21951
21957
21958
21964
21964
21965
21968
21972
21981
21982
21983
21986
21991
21992
21999
22009
22012
22014
22017
22019
22023
22024
22026
22037
22037
22039
22044
22046
22046
22049
22054
22056
22056
22057
22057
22062
22067
22069
22070
22075
22081
22082
22086
22088
22095
22097
22111
22130
22132
22133
22136
22137
22141
22145
22151
22161
22167
22179
22179
22186
22190
22191
22191
22191
22197
22199
22205
22206
22210
22216
22218
22219
22219
22225
22229
22229
22230
22234
22237
22243
22244
22245
22245
22248
22248
22251
22254
22256
22257
22267
22275
22277
22282
22283
22289
22294
22296
22296
22297
22297
22297
22299
22302
22305
22305
22307
22312
22313
22323
22323
22326
22329
22331
22332
22332
22334
22336
22337
22337
22338
22344
22351
22353
22355
22356
22356
22357
22357
22358
22368
22368
22369
22369
22372
22378
22386
22396
22397
22397
22399
22401
22403
22405
22411
22415
22419
22423
22424
22425
22426
22432
22435
22440
22442
22450
22453
22456
22458
22460
22467
22468
22471
22471
22473
22477
22479
22490
22492
22494
22495
22495
22498
22505
22507
22508
22512
22513
22521
22522
22524
22531
22540
22542
22545
22547
22548
22549
22553
22556
22565
22568
22575
22576
22577
22581
22585
22586
22588
22589
22591
22592
22593
22597
22601
22603
22603
22607
22611
22615
22619
22619
22620
22624
22624
22625
22628
22630
22632
22635
22644
22647
22648
22649
22653
22664
22677
22679
22695
22703
22714
22715
22716
22729
22734
22738
22742
22747
22753
22753
22758
22758
22762
22762
22766
22773
22774
22780
22783
22790
22796
22806
22817
22820
22826
22827
22831
22837
22838
22849
22852
22852
22858
22859
22861
22872
22877
22892
22898
22899
22900
22907
22916
22918
22924
22924
22924
22924
22924
22927
22933
22935
22940
22941
22942
22942
22948
22949
22952
22957
22962
22969
22971
22971
22975
22975
22984
22988
22989
22991
22993
22993
22994
22995
22996
22998
22999
23008
23010
23017
23018
23019
23019
23020
23035
23051
23058
23060
23066
23070
23071
23072
23072
23075
23076
23077
23078
23078
23078
23082
23083
23084
23087
23092
23092
23095
23096
23097
23100
23102
23104
23109
23114
23115
23115
23122
23124
23130
23138
23146
23148
23152
23159
23163
23167
23172
23173
23177
23179
23180
23187
23187
23194
23194
23213
23214
23215
23216
23219
23220
23225
23226
23232
23234
23240
23240
23241
23241
23257
23265
23267
23270
23273
23281
23288
23290
23291
23292
23293
23298
23299
23301
23305
23306
23311
23314
23314
23329
23330
23335
23338
23344
23345
23349
23350
23353
23361
23366
23367
23369
23370
23371
23372
23375
23377
23377
23381
23384
23388
23389
23391
23394
23394
23395
23400
23402
23403
23404
23405
23408
23410
23414
23416
23424
23424
23428
23428
23433
23433
23441
23442
23442
23444
23450
23459
23461
23464
23465
23466
23469
23473
23479
23482
23483
23486
23495
23498
23499
23502
23505
23507
23519
23531
23532
23535
23537
23541
23541
23544
23544
23551
23551
23558
23558
23563
23564
23567
23568
23574
23576
23577
23578
23579
23581
23581
23587
23588
23590
23593
23596
23597
23598
23604
23605
23606
23608
23612
23613
23613
23614
23619
23625
23634
23640
23642
23644
23647
23655
23658
23665
23666
23666
23674
23684
23690
23693
23694
23695
23697
23698
23699
23700
23700
23700
23704
23705
23709
23712
23719
23720
23730
23730
23732
23734
23736
23739
23740
23740
23746
23747
23747
23749
23751
23753
23754
23762
23762
23763
23763
23765
23768
23769
23773
23773
23779
23780
23780
23780
23788
23788
23792
23793
23795
23801
23801
23805
23806
23815
23816
23818
23819
23823
23823
23831
23833
23842
23857
23862
23862
23875
23875
23878
23881
23882
23883
23883
23884
23886
23900
23907
23908
23910
23913
23914
23916
23918
23921
23921
23928
23934
23937
23942
23943
23943
23945
23946
23948
23952
23953
23953
23956
23957
23961
23962
23962
23964
23964
23966
23968
23972
23974
23975
23977
23984
23992
24003
24003
24003
24008
24009
24016
24017
24017
24023
24025
24032
24039
24040
24046
24047
24047
24049
24054
24054
24055
24055
24063
24069
24069
24078
24080
24082
24084
24090
24092
24096
24101
24111
24117
24117
24122
24124
24133
24134
24140
24141
24141
24142
24146
24152
24160
24161
24161
24163
24165
24165
24168
24170
24179
24184
24185
24189
24192
24192
24193
24197
24198
24202
24210
24213
24215
24218
24219
24230
24231
24233
24235
24240
24240
24243
24246
24250
24250
24253
24254
24255
24257
24257
24260
24265
24273
24273
24276
24278
24279
24289
24290
24291
24297
24299
24300
24304
24308
24308
24309
24309
24311
24311
24312
24314
24317
24318
24319
24320
24321
24323
24324
24325
24328
24330
24330
24333
24336
24336
24337
24337
24338
24339
24347
24348
24350
24355
24355
24361
24361
24363
24368
24373
24384
24384
24387
24388
24401
24401
24404
24405
24409
24416
24423
24427
24429
24429
24431
24444
24445
24446
24448
24458
24461
24467
24467
24468
24470
24474
24476
24476
24478
24481
24482
24486
24492
24495
24500
24502
24503
24504
24504
24505
24512
24517
24518
24518
24519
24520
24524
24526
24526
24527
24530
24533
24542
24546
24546
24547
24548
24552
24556
24559
24559
24572
24579
24581
24582
24582
24583
24585
24588
24590
24591
24591
24593
24597
24606
24606
24609
24611
24615
24616
24621
24627
24630
24631
24642
24644
24648
24651
24653
24655
24668
24669
24670
24671
24672
24680
24681
24682
24683
24685
24687
24689
24692
24707
24716
24720
24720
24725
24729
24729
24729
24733
24734
24735
24742
24747
24749
24755
24761
24767
24768
24773
24776
24779
24780
24784
24788
24795
24798
24799
24800
24804
24806
24809
24810
24817
24818
24819
24820
24826
24827
24833
24834
24841
24843
24848
24850
24851
24853
24863
24863
24868
24868
24871
24872
24875
24879
24882
24882
24892
24893
24893
24897
24898
24899
24900
24903
24905
24907
24912
24916
24917
24921
24922
24924
24928
24928
24931
24932
24939
24942
24943
24947
24952
24953
24953
24953
24955
24956
24962
24967
24968
24971
24973
24976
24979
24982
24983
24984
24992
24994
24995
24996
25010
25011
25014
25021
25023
25023
25025
25025
25026
25027
25029
25030
25033
25034
25034
25036
25037
25039
25041
25043
25049
25051
25052
25056
25057
25058
25059
25063
25076
25087
25088
25088
25095
25095
25096
25098
25101
25108
25118
25118
25119
25119
25130
25133
25133
25141
25142
25146
25148
25148
25152
25154
25162
25171
25171
25171
25172
25172
25185
25190
25194
25206
25207
25209
25214
25216
25218
25221
25236
25247
25247
25249
25249
25250
25252
25254
25255
25262
25262
25268
25269
25271
25275
25275
25277
25278
25279
25281
25282
25282
25283
25285
25293
25294
25298
25298
25298
25302
25304
25311
25313
25315
25319
25322
25323
25330
25330
25331
25335
25337
25340
25340
25341
25342
25343
25350
25357
25362
25364
25371
25386
25387
25387
25389
25391
25393
25398
25403
25406
25407
25410
25415
25415
25432
25432
25433
25436
25443
25444
25450
25451
25464
25464
25464
25469
25470
25478
25490
25492
25498
25503
25503
25516
25517
25518
25519
25522
25544
25544
25548
25549
25555
25565
25566
25567
25572
25573
25573
25580
25582
25588
25592
25593
25599
25602
25603
25604
25610
25613
25615
25617
25622
25637
25638
25639
25641
25645
25650
25653
25654
25655
25657
25668
25678
25678
25679
25681
25681
25683
25685
25687
25688
25693
25702
25703
25708
25708
25712
25713
25714
25714
25716
25720
25725
25725
25727
25734
25735
25736
25738
25744
25745
25749
25759
25760
25770
25771
25774
25774
25776
25777
25780
25785
25785
25789
25794
25797
25798
25802
25805
25811
25812
25814
25815
25815
25815
25817
25825
25826
25832
25843
25844
25846
25850
25852
25856
25856
25858
25861
25867
25869
25871
25871
25878
25879
25879
25883
25889
25890
25894
25895
25900
25902
25903
25908
25914
25918
25918
25918
25930
25938
25943
25944
25946
25948
25953
25953
25957
25959
25960
25962
25965
25965
25966
25971
25980
25980
25986
25995
25995
25996
25997
25999
25999
26000
26000
26003
26005
26009
26013
26017
26022
26032
26032
26033
26037
26037
26038
26040
26041
26056
26063
26066
26071
26083
26084
26087
26090
26104
26114
26115
26116
26117
26117
26122
26130
26133
26134
26134
26137
26139
26142
26143
26143
26144
26144
26159
26163
26165
26175
26176
26180
26182
26186
26192
26194
26196
26196
26214
26217
26217
26217
26220
26221
26224
26228
26231
26233
26235
26236
26238
26240
26244
26245
26245
26248
26251
26261
26266
26266
26269
26273
26274
26278
26280
26288
26295
26302
26308
26316
26317
26322
26326
26339
26346
26351
26353
26359
26360
26361
26364
26366
26367
26379
26389
26391
26391
26391
26399
26405
26409
26409
26411
26417
26419
26420
26423
26430
26431
26431
26432
26432
26447
26463
26469
26472
26476
26480
26480
26484
26493
26499
26512
26513
26516
26519
26521
26531
26534
26534
26539
26541
26543
26545
26546
26546
26553
26558
26564
26564
26564
26565
26571
26573
26574
26576
26578
26584
26601
26601
26602
26603
26607
26609
26618
26624
26626
26626
26631
26632
26633
26644
26646
26649
26651
26653
26658
26659
26662
26669
26670
26671
26674
26678
26688
26691
26698
26698
26703
26703
26704
26705
26711
26712
26717
26724
26730
26735
26736
26741
26742
26747
26753
26753
26764
26766
26767
26767
26769
26771
26772
26773
26777
26785
26788
26793
26797
26800
26808
26809
26809
26809
26814
26821
26823
26825
26831
26833
26835
26840
26841
26843
26845
26849
26850
26852
26855
26857
26859
26865
26865
26868
26869
26869
26871
26871
26873
26876
26876
26878
26879
26881
26883
26883
26891
26891
26891
26894
26896
26900
26902
26912
26914
26915
26917
26920
26923
26923
26923
26927
26927
26927
26928
26930
26930
26937
26938
26938
26944
26944
26946
26947
26955
26962
26962
26962
26964
26966
26974
26975
26979
26985
26989
26993
26998
26999
27015
27018
27018
27021
27022
27024
27024
27027
27029
27029
27031
27032
27035
27048
27049
27059
27069
27073
27075
27075
27076
27083
27085
27086
27088
27094
27095
27105
27105
27114
27116
27117
27120
27123
27126
27127
27131
27136
27137
27147
27148
27152
27155
27161
27162
27167
27168
27173
27173
27179
27181
27181
27184
27196
27214
27216
27220
27220
27221
27226
27229
27231
27232
27232
27233
27239
27241
27242
27245
27251
27252
27255
27270
27270
27271
27276
27276
27276
27276
27276
27281
27281
27283
27283
27284
27285
27292
27309
27309
27311
27311
27312
27316
27319
27327
27327
27332
27332
27343
27347
27347
27348
27357
27358
27359
27362
27364
27367
27369
27378
27382
27383
27388
27390
27390
27390
27393
27394
27403
27404
27410
27419
27420
27428
27433
27435
27435
27438
27440
27442
27448
27450
27452
27453
27461
27462
27462
27472
27472
27474
27481
27488
27488
27490
27500
27502
27505
27511
27512
27515
27516
27524
27525
27529
27530
27531
27534
27536
27538
27540
27541
27545
27545
27546
27555
27557
27566
27567
27570
27571
27575
27582
27582
27585
27587
27588
27591
27591
27591
27597
27600
27604
27606
27613
27613
27620
27625
27636
27641
27641
27646
27651
27653
27660
27666
27669
27669
27671
27673
27683
27684
27684
27697
27701
27701
27705
27706
27710
27718
27718
27724
27727
27735
27735
27737
27739
27739
27740
27741
27745
27748
27749
27752
27754
27756
27758
27762
27764
27764
27765
27766
27769
27770
27773
27777
27778
27780
27790
27791
27799
27800
27807
27811
27812
27817
27818
27822
27827
27831
27835
27835
27838
27839
27844
27845
27859
27867
27868
27870
27878
27883
27893
27906
27907
27908
27912
27913
27916
27928
27928
27932
27934
27945
27947
27959
27962
27964
27965
27970
27970
27971
27973
27977
27979
27992
27998
27998
28001
28003
28003
28006
28008
28009
28021
28026
28026
28034
28035
28044
28046
28055
28055
28057
28062
28064
28065
28066
28069
28072
28075
28075
28079
28082
28083
28092
28093
28099
28101
28102
28104
28104
28105
28108
28108
28109
28110
28118
28124
28127
28134
28139
28142
28146
28160
28166
28176
28180
28182
28182
28184
28186
28190
28193
28197
28198
28198
28202
28206
28206
28215
28217
28219
28221
28224
28229
28243
28244
28245
28246
28246
28246
28247
28257
28261
28271
28272
28274
28276
28281
28283
28289
28291
28297
28298
28316
28318
28321
28325
28325
28325
28330
28331
28331
28331
28332
28343
28351
28359
28366
28366
28368
28369
28369
28374
28375
28376
28382
28384
28387
28390
28397
28402
28402
28403
28403
28404
28404
28407
28407
28409
28415
28416
28418
28418
28429
28429
28430
28430
28432
28433
28433
28433
28434
28439
28441
28451
28451
28461
28464
28465
28466
28467
28468
28475
28476
28479
28482
28488
28489
28492
28498
28508
28509
28513
28517
28523
28524
28526
28527
28528
28529
28530
28530
28532
28534
28537
28540
28543
28556
28559
28560
28564
28565
28569
28575
28583
28584
28587
28595
28596
28599
28606
28622
28624
28632
28632
28632
28633
28634
28636
28638
28640
28642
28647
28649
28658
28659
28659
28660
28662
28664
28671
28675
28681
28683
28685
28687
28689
28693
28695
28697
28702
28708
28712
28720
28729
28733
28737
28737
28738
28744
28746
28747
28748
28750
28750
28752
28754
28756
28756
28757
28760
28763
28764
28776
28781
28782
28783
28787
28795
28796
28798
28807
28809
28810
28810
28810
28817
28823
28826
28827
28828
28828
28828
28830
28831
28832
28834
28835
28848
28849
28878
28880
28881
28882
28885
28887
28893
28895
28895
28900
28903
28904
28906
28912
28917
28923
28930
28931
28934
28935
28940
28944
28945
28951
28958
28958
28959
28963
28968
28969
28973
28975
28987
28989
28996
29000
29001
29001
29004
29006
29018
29019
29023
29025
29030
29047
29055
29056
29056
29063
29063
29068
29076
29078
29083
29083
29085
29087
29093
29094
29102
29103
29103
29103
29104
29106
29110
29112
29115
29117
29118
29123
29123
29127
29129
29134
29134
29137
29138
29140
29146
29149
29152
29159
29160
29160
29161
29162
29165
29165
29166
29171
29174
29186
29202
29204
29206
29207
29207
29210
29220
29222
29230
29235
29235
29236
29236
29236
29239
29253
29254
29258
29258
29262
29262
29264
29272
29274
29281
29282
29282
29287
29289
29293
29293
29295
29296
29296
29297
29302
29309
29314
29319
29329
29332
29339
29344
29347
29348
29351
29351
29352
29355
29356
29356
29376
29376
29376
29380
29381
29382
29388
29390
29394
29398
29409
29410
29413
29420
29423
29423
29425
29431
29434
29436
29444
29448
29448
29451
29454
29454
29461
29471
29472
29475
29477
29478
29483
29487
29495
29499
29501
29507
29509
29510
29512
29517
29518
29519
29527
29528
29529
29529
29537
29538
29542
29545
29546
29549
29552
29556
29561
29567
29569
29572
29580
29580
29586
29590
29590
29592
29594
29599
29605
29617
29622
29631
29634
29635
29636
29638
29638
29644
29646
29648
29648
29659
29660
29663
29667
29668
29669
29671
29672
29676
29678
29680
29680
29688
29692
29697
29697
29700
29701
29705
29713
29718
29720
29723
29723
29727
29730
29735
29740
29741
29744
29744
29747
29748
29751
29751
29753
29755
29757
29758
29759
29762
29766
29768
29771
29780
29788
29789
29790
29790
29791
29791
29794
29796
29801
29802
29804
29805
29805
29809
29811
29811
29814
29814
29819
29825
29826
29827
29831
29831
29833
29844
29845
29853
29856
29859
29861
29862
29863
29877
29881
29888
29889
29892
29899
29901
29902
29905
29908
29912
29920
29922
29925
29927
29929
29932
29936
29943
29957
29960
29969
29970
29970
29975
29989
29993
29994
29995
30001
30003
30006
30010
30011
30015
30016
30016
30021
30021
30022
30031
30032
30032
30034
30047
30048
30056
30060
30062
30062
30065
30070
30071
30072
30075
30079
30080
30080
30087
30092
30099
30107
30112
30112
30114
30115
30120
30120
30121
30127
30129
30132
30136
30148
30157
30159
30161
30170
30172
30173
30174
30178
30181
30184
30197
30202
30206
30207
30212
30213
30215
30220
30227
30227
30228
30231
30233
30234
30236
30239
30240
30240
30241
30246
30249
30250
30253
30253
30257
30259
30261
30263
30265
30272
30272
30275
30276
30280
30285
30286
30289
30292
30295
30296
30298
30298
30299
30301
30301
30312
30316
30322
30322
30326
30338
30342
30347
30352
30355
30362
30367
30375
30377
30380
30382
30390
30392
30393
30396
30399
30402
30404
30405
30406
30420
30422
30425
30426
30428
30429
30434
30435
30440
30442
30445
30446
30447
30450
30452
30452
30457
30464
30467
30477
30477
30479
30485
30485
30493
30503
30514
30523
30525
30530
30533
30538
30539
30549
30554
30556
30569
30581
30585
30585
30590
30592
30601
30615
30624
30629
30630
30633
30636
30638
30639
30645
30647
30650
30653
30657
30666
30668
30669
30670
30670
30673
30678
30680
30683
30685
30689
30692
30693
30696
30696
30699
30704
30707
30712
30721
30723
30730
30731
30736
30739
30743
30753
30754
30756
30756
30758
30763
30768
30768
30771
30774
30775
30779
30779
30779
30781
30781
30783
30784
30785
30796
30797
30798
30800
30801
30803
30804
30805
30808
30810
30823
30824
30824
30825
30827
30827
30836
30839
30839
30840
30841
30841
30842
30843
30846
30848
30856
30857
30863
30865
30867
30867
30874
30877
30879
30882
30883
30891
30892
30896
30898
30904
30910
30924
30934
30937
30938
30940
30944
30945
30963
30980
30986
30986
30990
30998
31002
31002
31003
31003
31005
31007
31007
31011
31011
31011
31012
31015
31017
31022
31024
31031
31033
31037
31037
31037
31040
31042
31048
31050
31054
31054
31055
31058
31062
31069
31071
31073
31075
31076
31081
31082
31088
31088
31092
31101
31102
31104
31106
31108
31109
31110
31112
31112
31114
31121
31127
31127
31131
31131
31132
31138
31157
31159
31160
31163
31168
31171
31174
31182
31185
31188
31192
31193
31193
31199
31200
31203
31205
31207
31214
31214
31217
31225
31226
31226
31227
31232
31234
31236
31237
31239
31243
31254
31255
31256
31257
31261
31267
31278
31281
31282
31287
31293
31300
31305
31309
31312
31315
31318
31330
31330
31337
31339
31346
31350
31359
31362
31367
31369
31371
31373
31380
31393
31395
31401
31402
31405
31409
31409
31414
31419
31426
31430
31432
31432
31437
31437
31441
31443
31443
31450
31451
31453
31460
31463
31469
31470
31473
31475
31475
31476
31479
31483
31484
31496
31497
31499
31499
31503
31507
31510
31512
31514
31514
31516
31523
31524
31531
31531
31534
31535
31544
31545
31548
31559
31563
31564
31569
31569
31573
31578
31578
31581
31589
31591
31591
31592
31593
31595
31595
31596
31603
31605
31606
31612
31614
31619
31622
31628
31631
31632
31636
31637
31637
31638
31640
31650
31656
31656
31660
31662
31663
31664
31673
31679
31680
31682
31697
31698
31703
31704
31716
31719
31720
31724
31729
31740
31743
31743
31756
31757
31760
31761
31766
31770
31772
31775
31776
31779
31780
31784
31785
31788
31788
31794
31798
31801
31806
31809
31811
31813
31813
31819
31828
31834
31838
31844
31848
31854
31858
31861
31863
31866
31871
31884
31891
31892
31893
31902
31908
31910
31911
31912
31912
31913
31915
31919
31922
31923
31934
31935
31937
31940
31942
31944
31949
31965
31966
31969
31971
31972
31973
31973
31977
31979
31985
31989
31989
31993
31993
31997
31998
31999
32000
32008
32010
32011
32011
32012
32013
32013
32016
32017
32018
32019
32022
32024
32029
32051
32052
32055
32057
32060
32062
32067
32067
32082
32085
32094
32097
32102
32105
32107
32109
32111
32116
32118
32124
32131
32139
32140
32141
32142
32143
32146
32147
32148
32153
32155
32156
32161
32163
32164
32171
32171
32177
32178
32182
32183
32184
32185
32188
32189
32189
32192
32201
32201
32202
32202
32203
32207
32209
32212
32215
32222
32223
32225
32225
32225
32227
32236
32240
32241
32247
32249
32251
32252
32252
32260
32262
32264
32265
32269
32270
32278
32279
32291
32300
32303
32307
32307
32310
32311
32314
32314
32315
32319
32322
32323
32324
32325
32325
32329
32331
32332
32335
32336
32339
32351
32351
32355
32360
32361
32364
32369
32373
32378
32380
32386
32391
32396
32397
32399
32400
32403
32404
32409
32412
32412
32413
32424
32427
32430
32430
32431
32437
32444
32448
32454
32472
32472
32474
32474
32476
32477
32480
32481
32483
32493
32497
32497
32498
32502
32502
32504
32507
32508
32509
32512
32512
32514
32516
32519
32525
32533
32536
32537
32537
32542
32544
32549
32554
32559
32564
32565
32571
32574
32575
32578
32583
32583
32585
32586
32590
32590
32590
32591
32593
32612
32612
32616
32621
32626
32629
32634
32637
32638
32639
32645
32649
32649
32649
32655
32657
32657
32659
32659
32663
32666
32666
32670
32670
32678
32681
32682
32682
32684
32685
32699
32702
32705
32709
32710
32711
32712
32717
32731
32731
32739
32741
32743
32745
32751
32754
32754
32764
32767
